2 0.013221153846153846 0.06490384615384616 0.026442307692307692 0.10096153846153846
2 0.021634615384615384 0.16346153846153846 0.04326923076923077 0.11057692307692307
2 0.03485576923076923 0.24519230769230768 0.06971153846153846 0.11538461538461539
2 0.056490384615384616 0.45552884615384615 0.09375 0.09615384615384616
2 0.04807692307692308 0.3329326923076923 0.09615384615384616 0.13221153846153846
2 0.09375 0.5300480769230769 0.12259615384615384 0.13221153846153846
2 0.1658653846153846 0.040865384615384616 0.09134615384615384 0.08173076923076923
2 0.22115384615384615 0.17067307692307693 0.0889423076923077 0.1466346153846154
2 0.29086538461538464 0.4375 0.0985576923076923 0.1466346153846154
2 0.33413461538461536 0.5637019230769231 0.08173076923076923 0.08413461538461539
2 0.46634615384615385 0.41346153846153844 0.052884615384615384 0.15384615384615385
2 0.08533653846153846 0.6346153846153846 0.17067307692307693 0.052884615384615384