2 0.16105769230769232 0.019230769230769232 0.125 0.038461538461538464
2 0.2980769230769231 0.03245192307692308 0.11538461538461539 0.06490384615384616
2 0.3786057692307692 0.042067307692307696 0.055288461538461536 0.06971153846153846
2 0.09735576923076923 0.09735576923076923 0.13221153846153846 0.0889423076923077
2 0.054086538461538464 0.2980769230769231 0.10817307692307693 0.07211538461538461
2 0.16947115384615385 0.2247596153846154 0.08173076923076923 0.12740384615384615
2 0.36538461538461536 0.265625 0.0625 0.14423076923076922
2 0.296875 0.24278846153846154 0.07211538461538461 0.14182692307692307
2 0.39663461538461536 0.27524038461538464 0.019230769230769232 0.14182692307692307
2 0.04326923076923077 0.36538461538461536 0.08653846153846154 0.057692307692307696
2 0.040865384615384616 0.5240384615384616 0.08173076923076923 0.0673076923076923
2 0.06129807692307692 0.1658653846153846 0.12259615384615384 0.07211538461538461
2 0.22355769230769232 0.23798076923076922 0.08173076923076923 0.12740384615384615
2 0.6935096153846154 0.5673076923076923 0.18990384615384615 0.019230769230769232
2 0.8798076923076923 0.921875 0.1201923076923077 0.12740384615384615