2 0.04567307692307692 0.15384615384615385 0.09134615384615384 0.09134615384615384
2 0.1658653846153846 0.19591346153846154 0.0985576923076923 0.07932692307692307
2 0.5336538461538461 0.23557692307692307 0.1201923076923077 0.07932692307692307
2 0.39783653846153844 0.28846153846153844 0.14182692307692307 0.09134615384615384
2 0.5697115384615384 0.3557692307692308 0.07211538461538461 0.08653846153846154
2 0.2512019230769231 0.8076923076923077 0.15865384615384615 0.10336538461538461
2 0.22956730769230768 0.96875 0.16105769230769232 0.057692307692307696
2 0.8737980769230769 0.6959134615384616 0.1201923076923077 0.12980769230769232
2 0.9447115384615384 0.6838942307692307 0.10576923076923077 0.12740384615384615
2 0.7884615384615384 0.7103365384615384 0.0985576923076923 0.12259615384615384
2 0.7127403846153846 0.7235576923076923 0.1201923076923077 0.12980769230769232
2 0.6370192307692307 0.7439903846153846 0.057692307692307696 0.12259615384615384
2 0.9711538461538461 0.8882211538461539 0.052884615384615384 0.07451923076923077
2 0.8233173076923077 0.9206730769230769 0.13942307692307693 0.09134615384615384
2 0.7091346153846154 0.9483173076923077 0.09375 0.07692307692307693
2 0.6262019230769231 0.9591346153846154 0.036057692307692304 0.07692307692307693