2 0.22596153846153846 0.052884615384615384 0.13701923076923078 0.08413461538461539
2 0.028846153846153848 0.12379807692307693 0.057692307692307696 0.09375
2 0.4230769230769231 0.9290865384615384 0.18509615384615385 0.11778846153846154
2 0.59375 0.5841346153846154 0.09134615384615384 0.13942307692307693
2 0.6694711538461539 0.5697115384615384 0.12259615384615384 0.11778846153846154
9 0.7367788461538461 0.5817307692307693 0.1466346153846154 0.16105769230769232
2 0.9086538461538461 0.5649038461538461 0.125 0.14182692307692307
2 0.8293269230769231 0.5697115384615384 0.125 0.13701923076923078
2 0.96875 0.5600961538461539 0.057692307692307696 0.1346153846153846
2 0.5600961538461539 0.8076923076923077 0.02403846153846154 0.16346153846153846
2 0.6442307692307693 0.7896634615384616 0.1201923076923077 0.09615384615384616
2 0.7920673076923077 0.7848557692307693 0.14423076923076922 0.09134615384615384
2 0.9567307692307693 0.7716346153846154 0.08173076923076923 0.11057692307692307