2 0.16947115384615385 0.06971153846153846 0.17067307692307693 0.13942307692307693
2 0.6201923076923077 0.5492788461538461 0.13221153846153846 0.08173076923076923
2 0.4675480769230769 0.5913461538461539 0.15144230769230768 0.0889423076923077
2 0.7596153846153846 0.9158653846153846 0.09375 0.1201923076923077
2 0.7127403846153846 0.78125 0.08413461538461539 0.11298076923076923
2 0.6646634615384616 0.9579326923076923 0.0985576923076923 0.07932692307692307
2 0.5288461538461539 0.9254807692307693 0.13221153846153846 0.07932692307692307
2 0.46153846153846156 0.7427884615384616 0.14903846153846154 0.04807692307692308
2 0.49278846153846156 0.7980769230769231 0.1466346153846154 0.07211538461538461
2 0.6045673076923077 0.9819711538461539 0.07932692307692307 0.03125
2 0.5096153846153846 0.8713942307692307 0.13221153846153846 0.07932692307692307