1 0.25600961538461536 0.11778846153846154 0.2860576923076923 0.23557692307692307
1 0.21634615384615385 0.15144230769230768 0.28365384615384615 0.16826923076923078
1 0.17067307692307693 0.20793269230769232 0.3173076923076923 0.055288461538461536
5 0.796875 0.021634615384615384 0.10336538461538461 0.04326923076923077
2 0.5060096153846154 0.9747596153846154 0.11298076923076923 0.04567307692307692
2 0.5192307692307693 0.8485576923076923 0.1201923076923077 0.052884615384615384
2 0.5168269230769231 0.6742788461538461 0.1346153846153846 0.06971153846153846
2 0.5252403846153846 0.36899038461538464 0.125 0.07211538461538461
2 0.6766826923076923 0.9663461538461539 0.15144230769230768 0.0625
2 0.6754807692307693 0.41947115384615385 0.12980769230769232 0.07932692307692307
2 0.9519230769230769 0.8569711538461539 0.09134615384615384 0.07932692307692307
2 0.9495192307692307 0.6189903846153846 0.09615384615384616 0.08413461538461539
2 0.9471153846153846 0.3870192307692308 0.10096153846153846 0.07211538461538461
2 0.953125 0.5408653846153846 0.0889423076923077 0.07692307692307693