2 0.4879807692307692 0.05889423076923077 0.038461538461538464 0.10336538461538461
2 0.3233173076923077 0.3918269230769231 0.07211538461538461 0.1346153846153846
2 0.25240384615384615 0.43149038461538464 0.0625 0.11057692307692307
2 0.06370192307692307 0.03125 0.12740384615384615 0.0625
2 0.9759615384615384 0.078125 0.04326923076923077 0.11778846153846154
2 0.9362980769230769 0.38822115384615385 0.12259615384615384 0.08413461538461539
2 0.6225961538461539 0.08052884615384616 0.07211538461538461 0.15865384615384615
2 0.5432692307692307 0.4266826923076923 0.0673076923076923 0.14182692307692307
2 0.5360576923076923 0.27884615384615385 0.052884615384615384 0.1201923076923077
2 0.53125 0.06009615384615385 0.04326923076923077 0.1201923076923077
2 0.921875 0.09735576923076923 0.04567307692307692 0.125