2 0.23197115384615385 0.2764423076923077 0.09375 0.038461538461538464
2 0.6995192307692307 0.06009615384615385 0.10096153846153846 0.1201923076923077
2 0.0673076923076923 0.3485576923076923 0.10576923076923077 0.10096153846153846
2 0.0829326923076923 0.4230769230769231 0.1346153846153846 0.14182692307692307
2 0.08052884615384616 0.6286057692307693 0.12980769230769232 0.11298076923076923
2 0.07451923076923077 0.7163461538461539 0.11298076923076923 0.10576923076923077
2 0.07692307692307693 0.7860576923076923 0.12740384615384615 0.13701923076923078
2 0.07091346153846154 0.9495192307692307 0.14182692307692307 0.09615384615384616
2 0.296875 0.36658653846153844 0.11298076923076923 0.13701923076923078
2 0.296875 0.5168269230769231 0.09375 0.1466346153846154
2 0.2932692307692308 0.6911057692307693 0.10096153846153846 0.14423076923076922
2 0.29086538461538464 0.8365384615384616 0.10336538461538461 0.13221153846153846
2 0.28365384615384615 0.9519230769230769 0.11057692307692307 0.09134615384615384