2 0.48197115384615385 0.18269230769230768 0.12740384615384615 0.25
2 0.02283653846153846 0.4014423076923077 0.04567307692307692 0.08653846153846154
2 0.01201923076923077 0.8641826923076923 0.02403846153846154 0.14182692307692307
2 0.03485576923076923 0.65625 0.06971153846153846 0.14423076923076922
2 0.08413461538461539 0.890625 0.09134615384615384 0.14903846153846154
2 0.23076923076923078 0.5625 0.08173076923076923 0.12740384615384615
2 0.2668269230769231 0.41947115384615385 0.07211538461538461 0.12259615384615384
2 0.5769230769230769 0.5048076923076923 0.057692307692307696 0.10096153846153846
2 0.5841346153846154 0.5817307692307693 0.07211538461538461 0.08173076923076923
2 0.6033653846153846 0.9194711538461539 0.11057692307692307 0.15625
2 0.6201923076923077 0.6358173076923077 0.13701923076923078 0.10576923076923077
2 0.8100961538461539 0.44471153846153844 0.09615384615384616 0.13221153846153846