2 0.15625 0.15745192307692307 0.11298076923076923 0.09375
2 0.2932692307692308 0.20793269230769232 0.11778846153846154 0.09615384615384616
2 0.9627403846153846 0.08774038461538461 0.06971153846153846 0.10336538461538461
2 0.7379807692307693 0.18870192307692307 0.15144230769230768 0.11057692307692307
2 0.59375 0.234375 0.14903846153846154 0.10096153846153846
2 0.9867788461538461 0.3016826923076923 0.021634615384615384 0.14182692307692307
2 0.9603365384615384 0.3293269230769231 0.07451923076923077 0.16346153846153846
2 0.8473557692307693 0.37259615384615385 0.0889423076923077 0.13942307692307693
2 0.7944711538461539 0.40384615384615385 0.08413461538461539 0.13942307692307693
2 0.5588942307692307 0.45552884615384615 0.09375 0.08413461538461539
2 0.7271634615384616 0.4254807692307692 0.08413461538461539 0.12740384615384615
2 0.6262019230769231 0.4495192307692308 0.09375 0.09615384615384616
2 0.49399038461538464 0.48677884615384615 0.08413461538461539 0.021634615384615384
2 0.18990384615384615 0.7043269230769231 0.12980769230769232 0.0889423076923077
2 0.04807692307692308 0.7572115384615384 0.09615384615384616 0.08173076923076923
2 0.35096153846153844 0.8665865384615384 0.052884615384615384 0.17548076923076922
2 0.3088942307692308 0.9002403846153846 0.10096153846153846 0.12740384615384615
2 0.24519230769230768 0.9146634615384616 0.08173076923076923 0.12259615384615384
2 0.12620192307692307 0.953125 0.09375 0.0889423076923077
2 0.025240384615384616 0.9675480769230769 0.05048076923076923 0.06009615384615385
2 0.4338942307692308 0.6875 0.10817307692307693 0.09134615384615384
5 0.39302884615384615 0.5552884615384616 0.026442307692307692 0.11057692307692307