2 0.014423076923076924 0.03125 0.028846153846153848 0.0625
2 0.4699519230769231 0.03245192307692308 0.06009615384615385 0.06490384615384616
2 0.47596153846153844 0.38461538461538464 0.07211538461538461 0.0673076923076923
2 0.47115384615384615 0.3137019230769231 0.0625 0.07451923076923077
2 0.46875 0.24158653846153846 0.057692307692307696 0.08413461538461539
2 0.46033653846153844 0.09735576923076923 0.040865384615384616 0.07451923076923077
2 0.4735576923076923 0.16947115384615385 0.0673076923076923 0.07932692307692307
9 0.5516826923076923 0.6225961538461539 0.07932692307692307 0.04807692307692308
2 0.5444711538461539 0.5144230769230769 0.06009615384615385 0.13701923076923078
2 0.7295673076923077 0.3245192307692308 0.06490384615384616 0.11778846153846154
2 0.7199519230769231 0.07091346153846154 0.07211538461538461 0.1201923076923077
2 0.7536057692307693 0.49399038461538464 0.06971153846153846 0.10817307692307693
2 0.9879807692307693 0.038461538461538464 0.019230769230769232 0.07692307692307693
2 0.21754807692307693 0.8377403846153846 0.125 0.11057692307692307
2 0.5444711538461539 0.9723557692307693 0.19471153846153846 0.05048076923076923