2 0.5528846153846154 0.02283653846153846 0.16826923076923078 0.04567307692307692
2 0.7992788461538461 0.06610576923076923 0.10336538461538461 0.13221153846153846
2 0.5889423076923077 0.14543269230769232 0.08653846153846154 0.13942307692307693
2 0.8966346153846154 0.38221153846153844 0.11538461538461539 0.11057692307692307
2 0.6766826923076923 0.4170673076923077 0.0889423076923077 0.040865384615384616
2 0.11658653846153846 0.8197115384615384 0.19951923076923078 0.11778846153846154
2 0.38221153846153844 0.6490384615384616 0.08653846153846154 0.15384615384615385
2 0.7331730769230769 0.5516826923076923 0.08173076923076923 0.12980769230769232
2 0.6610576923076923 0.5600961538461539 0.0889423076923077 0.1466346153846154
2 0.5889423076923077 0.578125 0.10096153846153846 0.14903846153846154
2 0.44711538461538464 0.6189903846153846 0.08653846153846154 0.12740384615384615
2 0.5180288461538461 0.6021634615384616 0.10096153846153846 0.16346153846153846
9 0.9795673076923077 0.5516826923076923 0.036057692307692304 0.10336538461538461
2 0.8858173076923077 0.5961538461538461 0.14182692307692307 0.08413461538461539
2 0.7475961538461539 0.8317307692307693 0.125 0.08413461538461539
2 0.5 0.9074519230769231 0.12740384615384615 0.09134615384615384
2 0.9194711538461539 0.796875 0.11538461538461539 0.0889423076923077