2 0.9711538461538461 0.03485576923076923 0.052884615384615384 0.055288461538461536
2 0.21995192307692307 0.7596153846153846 0.13221153846153846 0.0889423076923077
2 0.0625 0.7668269230769231 0.11057692307692307 0.07932692307692307
2 0.35216346153846156 0.9399038461538461 0.05048076923076923 0.11538461538461539
2 0.30649038461538464 0.9567307692307693 0.10336538461538461 0.08173076923076923
2 0.24158653846153846 0.9555288461538461 0.08413461538461539 0.08413461538461539
2 0.11298076923076923 0.9663461538461539 0.09134615384615384 0.0625
2 0.018028846153846152 0.9639423076923077 0.036057692307692304 0.0673076923076923
8 0.5048076923076923 0.6129807692307693 0.25 0.12980769230769232
2 0.4362980769230769 0.7247596153846154 0.11298076923076923 0.16105769230769232
2 0.6526442307692307 0.9278846153846154 0.15144230769230768 0.13942307692307693