2 0.15865384615384615 0.5384615384615384 0.15865384615384615 0.10096153846153846
5 0.18629807692307693 0.4495192307692308 0.19471153846153846 0.10576923076923077
2 0.4362980769230769 0.06009615384615385 0.07451923076923077 0.1201923076923077
2 0.6201923076923077 0.10216346153846154 0.10576923076923077 0.10817307692307693
2 0.49759615384615385 0.078125 0.14182692307692307 0.13942307692307693
2 0.6911057692307693 0.140625 0.14423076923076922 0.14182692307692307
2 0.8894230769230769 0.19831730769230768 0.11298076923076923 0.13221153846153846
2 0.9591346153846154 0.21995192307692307 0.07692307692307693 0.12259615384615384
2 0.984375 0.24278846153846154 0.026442307692307692 0.125
2 0.5961538461538461 0.33653846153846156 0.15384615384615385 0.11778846153846154
2 0.7487980769230769 0.38341346153846156 0.1466346153846154 0.0985576923076923
2 0.9170673076923077 0.43149038461538464 0.1466346153846154 0.11057692307692307
2 0.9927884615384616 0.46875 0.009615384615384616 0.09134615384615384
2 0.71875 0.9038461538461539 0.14903846153846154 0.08413461538461539
2 0.7055288461538461 0.9735576923076923 0.1466346153846154 0.04807692307692308
5 0.9615384615384616 0.9723557692307693 0.07211538461538461 0.05048076923076923