2 0.7884615384615384 0.019230769230769232 0.14903846153846154 0.038461538461538464
2 0.5336538461538461 0.8497596153846154 0.04326923076923077 0.15625
2 0.48197115384615385 0.859375 0.08173076923076923 0.15144230769230768
2 0.40384615384615385 0.8653846153846154 0.08173076923076923 0.15144230769230768
2 0.33413461538461536 0.875 0.08173076923076923 0.15144230769230768
2 0.2644230769230769 0.8846153846153846 0.08173076923076923 0.15144230769230768
2 0.18629807692307693 0.8942307692307693 0.08173076923076923 0.15144230769230768
2 0.1201923076923077 0.9002403846153846 0.08173076923076923 0.15144230769230768
2 0.055288461538461536 0.9170673076923077 0.08173076923076923 0.15144230769230768
2 0.5240384615384616 0.7043269230769231 0.0625 0.15384615384615385
2 0.46033653846153844 0.7091346153846154 0.07692307692307693 0.15144230769230768
2 0.3858173076923077 0.7151442307692307 0.07692307692307693 0.15144230769230768
2 0.3137019230769231 0.71875 0.07692307692307693 0.15144230769230768
2 0.2512019230769231 0.7283653846153846 0.08173076923076923 0.15144230769230768
2 0.16706730769230768 0.734375 0.07692307692307693 0.15144230769230768
2 0.109375 0.7548076923076923 0.07692307692307693 0.15144230769230768
2 0.038461538461538464 0.765625 0.07692307692307693 0.15625
2 0.9723557692307693 0.9783653846153846 0.05048076923076923 0.038461538461538464
2 0.9471153846153846 0.8473557692307693 0.10096153846153846 0.07932692307692307