2 0.22235576923076922 0.3629807692307692 0.18990384615384615 0.08653846153846154
2 0.4675480769230769 0.38100961538461536 0.07932692307692307 0.05048076923076923
2 0.8677884615384616 0.359375 0.08173076923076923 0.09375
2 0.47596153846153844 0.2824519230769231 0.09615384615384616 0.13221153846153846
2 0.9050480769230769 0.24639423076923078 0.07692307692307693 0.12980769230769232
2 0.48677884615384615 0.19831730769230768 0.11778846153846154 0.15625
2 0.6165865384615384 0.26322115384615385 0.15865384615384615 0.15384615384615385
2 0.5709134615384616 0.3641826923076923 0.16105769230769232 0.08413461538461539
2 0.6862980769230769 0.5228365384615384 0.16105769230769232 0.1658653846153846
2 0.7764423076923077 0.5 0.10817307692307693 0.16346153846153846
2 0.5769230769230769 0.49399038461538464 0.13701923076923078 0.16346153846153846