2 0.04326923076923077 0.36899038461538464 0.0673076923076923 0.11298076923076923
2 0.1778846153846154 0.3629807692307692 0.06490384615384616 0.12980769230769232
2 0.2512019230769231 0.3605769230769231 0.052884615384615384 0.12980769230769232
2 0.46875 0.35216346153846156 0.06009615384615385 0.13221153846153846
2 0.40625 0.35216346153846156 0.057692307692307696 0.11298076923076923
2 0.24639423076923078 0.08533653846153846 0.1346153846153846 0.06490384615384616
2 0.2403846153846154 0.014423076923076924 0.13942307692307693 0.028846153846153848
2 0.9759615384615384 0.4014423076923077 0.04326923076923077 0.1346153846153846
2 0.9471153846153846 0.42788461538461536 0.0889423076923077 0.1346153846153846
2 0.8485576923076923 0.43509615384615385 0.0889423076923077 0.1346153846153846
2 0.7512019230769231 0.41947115384615385 0.11778846153846154 0.13942307692307693
2 0.6550480769230769 0.421875 0.09375 0.14182692307692307
2 0.6790865384615384 0.22596153846153846 0.14182692307692307 0.0673076923076923
2 0.5540865384615384 0.6069711538461539 0.10336538461538461 0.13701923076923078
2 0.4735576923076923 0.6057692307692307 0.14423076923076922 0.1346153846153846
2 0.08052884615384616 0.5985576923076923 0.14423076923076922 0.1346153846153846
2 0.02403846153846154 0.5973557692307693 0.04807692307692308 0.13701923076923078
2 0.34975961538461536 0.5985576923076923 0.14423076923076922 0.1346153846153846
2 0.1658653846153846 0.5949519230769231 0.14423076923076922 0.1346153846153846
2 0.25961538461538464 0.5901442307692307 0.14423076923076922 0.1346153846153846
5 0.8978365384615384 0.9579326923076923 0.19951923076923078 0.07932692307692307