2 0.8774038461538461 0.3401442307692308 0.12980769230769232 0.05048076923076923
2 0.9302884615384616 0.3245192307692308 0.12980769230769232 0.08173076923076923
2 0.96875 0.3161057692307692 0.057692307692307696 0.0985576923076923
2 0.6454326923076923 0.29086538461538464 0.07451923076923077 0.14903846153846154
2 0.671875 0.2692307692307692 0.11778846153846154 0.12980769230769232
2 0.7271634615384616 0.2512019230769231 0.11778846153846154 0.12980769230769232
2 0.7848557692307693 0.21995192307692307 0.10817307692307693 0.11538461538461539
2 0.8545673076923077 0.19591346153846154 0.10817307692307693 0.11538461538461539
2 0.9086538461538461 0.16706730769230768 0.10817307692307693 0.11538461538461539
2 0.9543269230769231 0.14543269230769232 0.08653846153846154 0.13701923076923078
2 0.984375 0.12860576923076922 0.026442307692307692 0.13701923076923078
2 0.6418269230769231 0.12139423076923077 0.0673076923076923 0.13701923076923078
2 0.6694711538461539 0.11538461538461539 0.12259615384615384 0.13942307692307693
2 0.7307692307692307 0.08052884615384616 0.12740384615384615 0.13701923076923078
2 0.7860576923076923 0.06490384615384616 0.12980769230769232 0.12980769230769232
2 0.84375 0.055288461538461536 0.12980769230769232 0.11057692307692307
2 0.9086538461538461 0.042067307692307696 0.12980769230769232 0.08413461538461539
2 0.9543269230769231 0.027644230769230768 0.08653846153846154 0.055288461538461536
2 0.051682692307692304 0.9567307692307693 0.10336538461538461 0.08173076923076923
2 0.19471153846153846 0.9747596153846154 0.16346153846153846 0.04567307692307692
2 0.3293269230769231 0.40024038461538464 0.16346153846153846 0.06490384615384616
2 0.5985576923076923 0.4098557692307692 0.014423076923076924 0.08413461538461539
2 0.5721153846153846 0.6983173076923077 0.0673076923076923 0.09375
2 0.5661057692307693 0.7632211538461539 0.07932692307692307 0.0889423076923077
2 0.5588942307692307 0.8389423076923077 0.09375 0.09134615384615384
2 0.5408653846153846 0.9627403846153846 0.10576923076923077 0.06971153846153846
2 0.8088942307692307 0.41947115384615385 0.18509615384615385 0.10336538461538461
2 0.9615384615384616 0.671875 0.07211538461538461 0.10817307692307693
2 0.9543269230769231 0.7403846153846154 0.08653846153846154 0.10096153846153846
2 0.9471153846153846 0.8197115384615384 0.10096153846153846 0.08653846153846154