2 0.9194711538461539 0.03485576923076923 0.15625 0.06971153846153846
2 0.02403846153846154 0.734375 0.04807692307692308 0.10336538461538461
2 0.48197115384615385 0.6959134615384616 0.06490384615384616 0.15625
2 0.5841346153846154 0.8629807692307693 0.09375 0.15384615384615385
2 0.6045673076923077 0.7139423076923077 0.08653846153846154 0.1466346153846154
2 0.6598557692307693 0.8737980769230769 0.08653846153846154 0.1466346153846154
2 0.6634615384615384 0.7199519230769231 0.08653846153846154 0.1466346153846154
2 0.7379807692307693 0.8533653846153846 0.08653846153846154 0.1466346153846154
2 0.7932692307692307 0.8846153846153846 0.08653846153846154 0.1466346153846154
2 0.8497596153846154 0.8930288461538461 0.08653846153846154 0.1466346153846154
2 0.859375 0.7403846153846154 0.08653846153846154 0.1466346153846154
2 0.7908653846153846 0.7295673076923077 0.08653846153846154 0.1466346153846154
2 0.7247596153846154 0.7259615384615384 0.08173076923076923 0.15144230769230768
2 0.9411057692307693 0.625 0.11298076923076923 0.11057692307692307