2 0.02403846153846154 0.015625 0.04807692307692308 0.03125
2 0.05889423076923077 0.49278846153846156 0.11778846153846154 0.1346153846153846
2 0.9459134615384616 0.09134615384615384 0.10336538461538461 0.0673076923076923
2 0.9651442307692307 0.4543269230769231 0.06490384615384616 0.07211538461538461
2 0.32091346153846156 0.6995192307692307 0.07692307692307693 0.14423076923076922
2 0.31490384615384615 0.859375 0.07692307692307693 0.14423076923076922
2 0.23918269230769232 0.6935096153846154 0.07692307692307693 0.14423076923076922
2 0.23677884615384615 0.859375 0.07692307692307693 0.14423076923076922
2 0.16947115384615385 0.8533653846153846 0.07692307692307693 0.14423076923076922
2 0.10576923076923077 0.7139423076923077 0.07692307692307693 0.14423076923076922
2 0.10336538461538461 0.8545673076923077 0.07692307692307693 0.14423076923076922
2 0.037259615384615384 0.6971153846153846 0.07451923076923077 0.14423076923076922
2 0.036057692307692304 0.8425480769230769 0.07211538461538461 0.1466346153846154
2 0.7355769230769231 0.9206730769230769 0.10096153846153846 0.125