2 0.23918269230769232 0.8822115384615384 0.10336538461538461 0.125
2 0.2127403846153846 0.7704326923076923 0.10336538461538461 0.125
2 0.13341346153846154 0.7980769230769231 0.10336538461538461 0.125
2 0.17067307692307693 0.5949519230769231 0.10576923076923077 0.11298076923076923
2 0.12860576923076922 0.6334134615384616 0.10336538461538461 0.125
2 0.07091346153846154 0.65625 0.10336538461538461 0.125
2 0.05048076923076923 0.6923076923076923 0.10096153846153846 0.125
2 0.020432692307692308 0.5769230769230769 0.040865384615384616 0.07692307692307693
2 0.039663461538461536 0.9026442307692307 0.07932692307692307 0.1466346153846154
2 0.3233173076923077 0.9387019230769231 0.08413461538461539 0.11778846153846154
2 0.5480769230769231 0.90625 0.11538461538461539 0.09615384615384616
2 0.5420673076923077 0.8293269230769231 0.12740384615384615 0.08173076923076923
2 0.5408653846153846 0.7487980769230769 0.12980769230769232 0.0889423076923077
2 0.5384615384615384 0.609375 0.1346153846153846 0.07932692307692307
2 0.5336538461538461 0.5649038461538461 0.13942307692307693 0.052884615384615384