4 0.09375 0.3245192307692308 0.1875 0.18269230769230768
2 0.04567307692307692 0.10096153846153846 0.09134615384615384 0.20192307692307693
2 0.7115384615384616 0.41947115384615385 0.18509615384615385 0.12259615384615384
2 0.9759615384615384 0.8125 0.04326923076923077 0.08173076923076923
2 0.9194711538461539 0.9603365384615384 0.15625 0.07451923076923077
2 0.8978365384615384 0.84375 0.13942307692307693 0.07932692307692307
2 0.8725961538461539 0.7836538461538461 0.13942307692307693 0.07932692307692307
2 0.8846153846153846 0.7115384615384616 0.13942307692307693 0.07932692307692307
2 0.8581730769230769 0.6478365384615384 0.15625 0.08653846153846154
2 0.8485576923076923 0.6081730769230769 0.15865384615384615 0.019230769230769232
2 0.6322115384615384 0.7163461538461539 0.0673076923076923 0.09134615384615384
2 0.6514423076923077 0.7764423076923077 0.10576923076923077 0.08653846153846154