2 0.8942307692307693 0.021634615384615384 0.10576923076923077 0.04326923076923077
2 0.8257211538461539 0.016826923076923076 0.0985576923076923 0.03365384615384615
2 0.7608173076923077 0.02283653846153846 0.0985576923076923 0.04567307692307692
2 0.9879807692307693 0.4375 0.019230769230769232 0.16826923076923078
2 0.9771634615384616 0.27884615384615385 0.040865384615384616 0.13942307692307693
2 0.9423076923076923 0.29086538461538464 0.09375 0.13701923076923078
2 0.953125 0.4375 0.0889423076923077 0.13942307692307693
2 0.8810096153846154 0.4579326923076923 0.09375 0.13701923076923078
2 0.7920673076923077 0.33052884615384615 0.09134615384615384 0.15625
2 0.7536057692307693 0.49038461538461536 0.0889423076923077 0.15865384615384615
2 0.5733173076923077 0.9567307692307693 0.12740384615384615 0.08173076923076923
2 0.3786057692307692 0.7259615384615384 0.08653846153846154 0.15384615384615385
2 0.39903846153846156 0.9026442307692307 0.0985576923076923 0.17067307692307693
2 0.9783653846153846 0.8629807692307693 0.038461538461538464 0.12980769230769232