2 0.6310096153846154 0.27283653846153844 0.15144230769230768 0.11298076923076923
2 0.8689903846153846 0.140625 0.1875 0.16105769230769232
2 0.6875 0.06610576923076923 0.13701923076923078 0.10336538461538461
2 0.04326923076923077 0.5673076923076923 0.08653846153846154 0.038461538461538464
2 0.9675480769230769 0.6334134615384616 0.06009615384615385 0.17067307692307693
2 0.9495192307692307 0.8173076923076923 0.09615384615384616 0.1875
2 0.609375 0.6346153846153846 0.15625 0.17307692307692307
2 0.5420673076923077 0.6394230769230769 0.12740384615384615 0.18269230769230768
2 0.4987980769230769 0.6358173076923077 0.040865384615384616 0.17548076923076922
2 0.5144230769230769 0.9326923076923077 0.07211538461538461 0.12980769230769232
2 0.5625 0.9387019230769231 0.14423076923076922 0.11778846153846154