2 0.2403846153846154 0.20673076923076922 0.1346153846153846 0.16826923076923078
2 0.7836538461538461 0.31971153846153844 0.14903846153846154 0.07211538461538461
2 0.40024038461538464 0.08653846153846154 0.12740384615384615 0.07451923076923077
2 0.40625 0.16706730769230768 0.1658653846153846 0.10576923076923077
2 0.9555288461538461 0.4651442307692308 0.08413461538461539 0.1466346153846154
2 0.8894230769230769 0.4699519230769231 0.0889423076923077 0.1466346153846154
2 0.7475961538461539 0.4651442307692308 0.0889423076923077 0.1466346153846154
2 0.6658653846153846 0.46634615384615385 0.0889423076923077 0.1466346153846154
2 0.8040865384615384 0.9350961538461539 0.09375 0.125
2 0.7884615384615384 0.7872596153846154 0.0889423076923077 0.1466346153846154
2 0.8858173076923077 0.9375 0.09375 0.1201923076923077
2 0.8665865384615384 0.7872596153846154 0.0889423076923077 0.1466346153846154
2 0.9338942307692307 0.7908653846153846 0.0889423076923077 0.1466346153846154
2 0.9831730769230769 0.9254807692307693 0.028846153846153848 0.14423076923076922
2 0.9759615384615384 0.7860576923076923 0.04326923076923077 0.14903846153846154