2 0.9435096153846154 0.29447115384615385 0.10817307692307693 0.10336538461538461
2 0.5492788461538461 0.15745192307692307 0.13701923076923078 0.07692307692307693
2 0.9387019230769231 0.06850961538461539 0.11778846153846154 0.06971153846153846
2 0.9411057692307693 0.013221153846153846 0.11298076923076923 0.026442307692307692
2 0.4182692307692308 0.9122596153846154 0.057692307692307696 0.07932692307692307
2 0.12620192307692307 0.7091346153846154 0.15625 0.11057692307692307
2 0.5336538461538461 0.9543269230769231 0.16826923076923078 0.07211538461538461
2 0.8629807692307693 0.546875 0.12259615384615384 0.057692307692307696
2 0.8822115384615384 0.6899038461538461 0.12259615384615384 0.057692307692307696
2 0.8894230769230769 0.7668269230769231 0.12259615384615384 0.057692307692307696
2 0.8858173076923077 0.8257211538461539 0.12259615384615384 0.057692307692307696
2 0.5408653846153846 0.7836538461538461 0.16105769230769232 0.06490384615384616
2 0.5408653846153846 0.515625 0.16826923076923078 0.055288461538461536
2 0.8930288461538461 0.9675480769230769 0.15144230769230768 0.06009615384615385
2 0.8858173076923077 0.9014423076923077 0.13701923076923078 0.06490384615384616