2 0.1502403846153846 0.1201923076923077 0.10576923076923077 0.10576923076923077
2 0.9651442307692307 0.12379807692307693 0.06490384615384616 0.07932692307692307
2 0.8028846153846154 0.4254807692307692 0.12259615384615384 0.0985576923076923
2 0.9591346153846154 0.43149038461538464 0.07692307692307693 0.0889423076923077
2 0.27283653846153844 0.6971153846153846 0.17548076923076922 0.15625
2 0.9651442307692307 0.5528846153846154 0.06490384615384616 0.1201923076923077
2 0.8978365384615384 0.5492788461538461 0.07692307692307693 0.11778846153846154
2 0.8257211538461539 0.5408653846153846 0.07692307692307693 0.11778846153846154
2 0.7692307692307693 0.5480769230769231 0.07692307692307693 0.11778846153846154
2 0.7007211538461539 0.5901442307692307 0.07692307692307693 0.11778846153846154
2 0.6742788461538461 0.828125 0.07692307692307693 0.11778846153846154
2 0.6694711538461539 0.9483173076923077 0.07932692307692307 0.0985576923076923
2 0.7439903846153846 0.9483173076923077 0.07932692307692307 0.0985576923076923
2 0.8064903846153846 0.953125 0.07932692307692307 0.0889423076923077
2 0.8846153846153846 0.9555288461538461 0.07692307692307693 0.08413461538461539
2 0.9423076923076923 0.9555288461538461 0.07692307692307693 0.08413461538461539
2 0.7415865384615384 0.84375 0.07692307692307693 0.11778846153846154
2 0.8149038461538461 0.8365384615384616 0.07692307692307693 0.11778846153846154
2 0.8701923076923077 0.8533653846153846 0.07692307692307693 0.11778846153846154
2 0.9362980769230769 0.8545673076923077 0.07692307692307693 0.11778846153846154
2 0.9867788461538461 0.8557692307692307 0.021634615384615384 0.1201923076923077