2 0.9134615384615384 0.2512019230769231 0.08413461538461539 0.14182692307692307
2 0.8257211538461539 0.36177884615384615 0.07451923076923077 0.10817307692307693
2 0.7584134615384616 0.3581730769230769 0.07451923076923077 0.11538461538461539
2 0.6334134615384616 0.34375 0.09375 0.14423076923076922
2 0.6983173076923077 0.34975961538461536 0.06971153846153846 0.13221153846153846
2 0.38100961538461536 0.31490384615384615 0.08413461538461539 0.16346153846153846
2 0.4411057692307692 0.328125 0.0889423076923077 0.13221153846153846
2 0.5084134615384616 0.3449519230769231 0.07211538461538461 0.1346153846153846
2 0.5733173076923077 0.35336538461538464 0.07451923076923077 0.125
2 0.5889423076923077 0.8112980769230769 0.0985576923076923 0.1875
5 0.8822115384615384 0.8173076923076923 0.16826923076923078 0.10336538461538461