2 0.08173076923076923 0.0985576923076923 0.08413461538461539 0.12740384615384615
2 0.6105769230769231 0.9627403846153846 0.09134615384615384 0.06971153846153846
2 0.6213942307692307 0.7944711538461539 0.06971153846153846 0.0985576923076923
2 0.46634615384615385 0.46153846153846156 0.12980769230769232 0.11298076923076923
2 0.6189903846153846 0.4795673076923077 0.07451923076923077 0.11298076923076923
2 0.7067307692307693 0.9362980769230769 0.09615384615384616 0.0985576923076923
2 0.7151442307692307 0.6574519230769231 0.11298076923076923 0.0985576923076923
2 0.7091346153846154 0.7319711538461539 0.10096153846153846 0.0985576923076923
2 0.7055288461538461 0.8016826923076923 0.09375 0.0985576923076923
2 0.859375 0.45913461538461536 0.125 0.07451923076923077
2 0.8834134615384616 0.40024038461538464 0.13942307692307693 0.07692307692307693
2 0.8858173076923077 0.3269230769230769 0.14182692307692307 0.07692307692307693