2 0.42427884615384615 0.2932692307692308 0.09615384615384616 0.14182692307692307
2 0.27884615384615385 0.265625 0.09615384615384616 0.15865384615384615
2 0.2127403846153846 0.5408653846153846 0.07451923076923077 0.009615384615384616
2 0.06370192307692307 0.5276442307692307 0.07451923076923077 0.036057692307692304
2 0.36899038461538464 0.5829326923076923 0.10336538461538461 0.06971153846153846
2 0.29086538461538464 0.8197115384615384 0.10096153846153846 0.16105769230769232
2 0.23076923076923078 0.8064903846153846 0.10096153846153846 0.16105769230769232
2 0.1622596153846154 0.796875 0.10096153846153846 0.16105769230769232
2 0.07932692307692307 0.8137019230769231 0.10096153846153846 0.16105769230769232
2 0.03365384615384615 0.7764423076923077 0.0673076923076923 0.16346153846153846
2 0.22956730769230768 0.5661057692307693 0.10336538461538461 0.036057692307692304
2 0.29447115384615385 0.5721153846153846 0.10336538461538461 0.04807692307692308