2 0.38461538461538464 0.8221153846153846 0.10576923076923077 0.08173076923076923
2 0.3870192307692308 0.8810096153846154 0.10096153846153846 0.07932692307692307
2 0.22355769230769232 0.5721153846153846 0.14423076923076922 0.07932692307692307
2 0.23076923076923078 0.6225961538461539 0.14423076923076922 0.07932692307692307
2 0.23798076923076922 0.6742788461538461 0.14423076923076922 0.07932692307692307
2 0.2439903846153846 0.7367788461538461 0.14423076923076922 0.07932692307692307
2 0.24879807692307693 0.7872596153846154 0.14423076923076922 0.07932692307692307
2 0.25721153846153844 0.8485576923076923 0.14423076923076922 0.07932692307692307
2 0.0985576923076923 0.8112980769230769 0.14423076923076922 0.07932692307692307
2 0.10817307692307693 0.7524038461538461 0.14423076923076922 0.07932692307692307
2 0.10096153846153846 0.6947115384615384 0.14423076923076922 0.07932692307692307
2 0.10216346153846154 0.6322115384615384 0.14423076923076922 0.07932692307692307
2 0.09134615384615384 0.5685096153846154 0.14423076923076922 0.07932692307692307
2 0.09735576923076923 0.5288461538461539 0.1466346153846154 0.019230769230769232
2 0.01201923076923077 0.8557692307692307 0.02403846153846154 0.0673076923076923
2 0.6430288461538461 0.7367788461538461 0.12740384615384615 0.11057692307692307