2 0.38221153846153844 0.6394230769230769 0.14182692307692307 0.0889423076923077
2 0.42788461538461536 0.9074519230769231 0.13942307692307693 0.08413461538461539
2 0.30408653846153844 0.9459134615384616 0.13942307692307693 0.08413461538461539
2 0.2764423076923077 0.8858173076923077 0.13942307692307693 0.08413461538461539
2 0.2860576923076923 0.8137019230769231 0.13942307692307693 0.08413461538461539
2 0.25600961538461536 0.7524038461538461 0.15384615384615385 0.09375
2 0.34375 0.5048076923076923 0.15384615384615385 0.09375
2 0.31971153846153844 0.4723557692307692 0.15384615384615385 0.04567307692307692
2 0.16947115384615385 0.4963942307692308 0.15625 0.09375
2 0.19471153846153846 0.5612980769230769 0.15384615384615385 0.09375
2 0.20552884615384615 0.625 0.15384615384615385 0.09375
2 0.2439903846153846 0.6778846153846154 0.15384615384615385 0.09375
2 0.03125 0.8353365384615384 0.0625 0.0985576923076923
2 0.052884615384615384 0.8942307692307693 0.10576923076923077 0.09615384615384616
2 0.018028846153846152 0.7067307692307693 0.036057692307692304 0.09615384615384616
2 0.7680288461538461 0.5192307692307693 0.18028846153846154 0.13942307692307693