2 0.9326923076923077 0.4182692307692308 0.10576923076923077 0.13701923076923078
2 0.06009615384615385 0.7572115384615384 0.1201923076923077 0.15384615384615385
2 0.3389423076923077 0.6141826923076923 0.1346153846153846 0.0889423076923077
2 0.17548076923076922 0.6418269230769231 0.13942307692307693 0.14423076923076922
2 0.1141826923076923 0.6105769230769231 0.11778846153846154 0.08173076923076923
2 0.06610576923076923 0.5877403846153846 0.11778846153846154 0.036057692307692304
2 0.036057692307692304 0.703125 0.07211538461538461 0.13221153846153846
2 0.9134615384615384 0.7992788461538461 0.15144230769230768 0.09134615384615384
2 0.4891826923076923 0.9338942307692307 0.14423076923076922 0.09134615384615384
2 0.5036057692307693 0.8713942307692307 0.14423076923076922 0.09134615384615384
2 0.5144230769230769 0.7872596153846154 0.14423076923076922 0.09134615384615384
2 0.5216346153846154 0.5853365384615384 0.11057692307692307 0.03125
2 0.9603365384615384 0.625 0.07451923076923077 0.11057692307692307
2 0.9375 0.6610576923076923 0.11057692307692307 0.13701923076923078
2 0.859375 0.6490384615384616 0.11057692307692307 0.13701923076923078
2 0.7956730769230769 0.6478365384615384 0.11057692307692307 0.13701923076923078