2 0.9651442307692307 0.4074519230769231 0.06490384615384616 0.1466346153846154
2 0.9170673076923077 0.4098557692307692 0.08653846153846154 0.14423076923076922
2 0.9591346153846154 0.25961538461538464 0.07692307692307693 0.14903846153846154
2 0.9867788461538461 0.10336538461538461 0.021634615384615384 0.14903846153846154
2 0.6322115384615384 0.4098557692307692 0.08653846153846154 0.1346153846153846
2 0.5600961538461539 0.3004807692307692 0.04326923076923077 0.13942307692307693
2 0.5805288461538461 0.4411057692307692 0.08413461538461539 0.14182692307692307
2 0.9423076923076923 0.9507211538461539 0.11057692307692307 0.09375
2 0.9471153846153846 0.8677884615384616 0.10096153846153846 0.09615384615384616
2 0.9483173076923077 0.7908653846153846 0.0985576923076923 0.09134615384615384
2 0.9543269230769231 0.7259615384615384 0.08653846153846154 0.09615384615384616
2 0.9591346153846154 0.6514423076923077 0.07692307692307693 0.09615384615384616
2 0.6141826923076923 0.7956730769230769 0.14903846153846154 0.09134615384615384
2 0.6117788461538461 0.8713942307692307 0.1466346153846154 0.09375
2 0.6081730769230769 0.9435096153846154 0.13942307692307693 0.09375