2 0.22596153846153846 0.9543269230769231 0.15384615384615385 0.08653846153846154
2 0.359375 0.8966346153846154 0.09375 0.15384615384615385
2 0.23557692307692307 0.65625 0.16346153846153846 0.08413461538461539
2 0.22115384615384615 0.5072115384615384 0.1466346153846154 0.0673076923076923
2 0.9579326923076923 0.5036057692307693 0.07932692307692307 0.13701923076923078
2 0.9266826923076923 0.5396634615384616 0.125 0.13221153846153846
2 0.8689903846153846 0.5841346153846154 0.125 0.1346153846153846
2 0.8161057692307693 0.6286057692307693 0.125 0.1346153846153846
2 0.7668269230769231 0.6682692307692307 0.125 0.13221153846153846
2 0.7223557692307693 0.7127403846153846 0.1201923076923077 0.11778846153846154
2 0.6598557692307693 0.7451923076923077 0.1201923076923077 0.11778846153846154
2 0.6009615384615384 0.796875 0.1201923076923077 0.11778846153846154
2 0.8978365384615384 0.43509615384615385 0.12259615384615384 0.03365384615384615
2 0.8449519230769231 0.4483173076923077 0.12259615384615384 0.06009615384615385
2 0.7848557692307693 0.47115384615384615 0.12259615384615384 0.10576923076923077
2 0.7295673076923077 0.5084134615384616 0.1201923076923077 0.11778846153846154
2 0.6742788461538461 0.5480769230769231 0.1201923076923077 0.11778846153846154
2 0.625 0.59375 0.1201923076923077 0.11778846153846154
2 0.5685096153846154 0.6394230769230769 0.1201923076923077 0.12259615384615384
2 0.5060096153846154 0.6766826923076923 0.1201923076923077 0.12259615384615384
2 0.4639423076923077 0.7139423076923077 0.11057692307692307 0.125
2 0.5805288461538461 0.44711538461538464 0.12259615384615384 0.057692307692307696
2 0.5204326923076923 0.46634615384615385 0.12259615384615384 0.09615384615384616
2 0.46875 0.49038461538461536 0.1201923076923077 0.125
2 0.4423076923076923 0.5336538461538461 0.0673076923076923 0.125