2 0.07572115384615384 0.33774038461538464 0.12740384615384615 0.016826923076923076
2 0.32211538461538464 0.12980769230769232 0.0673076923076923 0.20673076923076922
2 0.26802884615384615 0.8161057692307693 0.036057692307692304 0.13701923076923078
2 0.055288461538461536 0.3954326923076923 0.11057692307692307 0.09375
2 0.921875 0.6310096153846154 0.1466346153846154 0.09134615384615384
2 0.921875 0.5528846153846154 0.1466346153846154 0.09134615384615384
2 0.921875 0.47836538461538464 0.1466346153846154 0.09134615384615384
2 0.9158653846153846 0.42427884615384615 0.1466346153846154 0.09134615384615384
2 0.9038461538461539 0.3713942307692308 0.14903846153846154 0.04567307692307692
2 0.5456730769230769 0.48677884615384615 0.1466346153846154 0.09134615384615384
2 0.5408653846153846 0.5564903846153846 0.1466346153846154 0.09134615384615384
2 0.5600961538461539 0.6201923076923077 0.1466346153846154 0.09134615384615384
2 0.5673076923076923 0.6826923076923077 0.1466346153846154 0.09134615384615384
2 0.5685096153846154 0.7680288461538461 0.1466346153846154 0.09134615384615384
2 0.5829326923076923 0.8978365384615384 0.1466346153846154 0.09134615384615384
2 0.59375 0.9807692307692307 0.14903846153846154 0.03365384615384615
2 0.9387019230769231 0.953125 0.11778846153846154 0.0889423076923077
2 0.9302884615384616 0.8401442307692307 0.1346153846153846 0.09375
2 0.9290865384615384 0.7427884615384616 0.13701923076923078 0.09134615384615384