2 0.5324519230769231 0.4411057692307692 0.0889423076923077 0.13221153846153846
2 0.59375 0.2091346153846154 0.0889423076923077 0.13701923076923078
2 0.24158653846153846 0.03365384615384615 0.16105769230769232 0.0673076923076923
2 0.34375 0.042067307692307696 0.1346153846153846 0.08413461538461539
2 0.34134615384615385 0.12139423076923077 0.15625 0.14903846153846154
2 0.19951923076923078 0.1346153846153846 0.1346153846153846 0.13942307692307693
2 0.3293269230769231 0.2127403846153846 0.13221153846153846 0.1201923076923077
2 0.3004807692307692 0.296875 0.15384615384615385 0.13221153846153846
2 0.17668269230769232 0.21514423076923078 0.17067307692307693 0.16826923076923078
2 0.12379807692307693 0.3713942307692308 0.15625 0.14182692307692307
2 0.7716346153846154 0.9699519230769231 0.09615384615384616 0.055288461538461536
2 0.7139423076923077 0.9579326923076923 0.07211538461538461 0.07932692307692307
2 0.9723557692307693 0.5901442307692307 0.05048076923076923 0.16105769230769232
2 0.9326923076923077 0.5528846153846154 0.12980769230769232 0.08653846153846154