2 0.41947115384615385 0.07451923076923077 0.09615384615384616 0.13221153846153846
2 0.3317307692307692 0.06370192307692307 0.10096153846153846 0.12740384615384615
2 0.33413461538461536 0.7463942307692307 0.15144230769230768 0.0985576923076923
2 0.8497596153846154 0.9831730769230769 0.0985576923076923 0.028846153846153848
2 0.7079326923076923 0.9783653846153846 0.0985576923076923 0.038461538461538464
2 0.6274038461538461 0.9735576923076923 0.09615384615384616 0.04807692307692308
2 0.7848557692307693 0.5600961538461539 0.0985576923076923 0.14423076923076922
2 0.7620192307692307 0.7151442307692307 0.09375 0.14903846153846154
2 0.8665865384615384 0.5625 0.0985576923076923 0.14903846153846154
2 0.8401442307692307 0.7235576923076923 0.09375 0.14903846153846154
2 0.9074519230769231 0.7271634615384616 0.09375 0.14903846153846154
2 0.9711538461538461 0.5997596153846154 0.052884615384615384 0.15144230769230768
2 0.9615384615384616 0.7391826923076923 0.07211538461538461 0.15144230769230768