2 0.6081730769230769 0.09735576923076923 0.1466346153846154 0.1346153846153846
2 0.32091346153846156 0.9795673076923077 0.17067307692307693 0.036057692307692304
2 0.23677884615384615 0.9435096153846154 0.17067307692307693 0.10817307692307693
2 0.9182692307692307 0.6322115384615384 0.15865384615384615 0.10817307692307693
2 0.9158653846153846 0.6911057692307693 0.15865384615384615 0.10817307692307693
2 0.7764423076923077 0.36778846153846156 0.15865384615384615 0.057692307692307696
2 0.7752403846153846 0.39302884615384615 0.15865384615384615 0.10817307692307693
2 0.7752403846153846 0.44471153846153844 0.15865384615384615 0.10817307692307693
2 0.7728365384615384 0.5060096153846154 0.15865384615384615 0.10817307692307693
2 0.7680288461538461 0.5564903846153846 0.15865384615384615 0.10817307692307693
2 0.7692307692307693 0.6177884615384616 0.15865384615384615 0.10817307692307693
2 0.6165865384615384 0.5372596153846154 0.15865384615384615 0.10817307692307693
2 0.6334134615384616 0.4831730769230769 0.15865384615384615 0.10817307692307693
2 0.6358173076923077 0.4266826923076923 0.15865384615384615 0.10817307692307693
2 0.6466346153846154 0.3798076923076923 0.15865384615384615 0.08173076923076923
2 0.5132211538461539 0.3485576923076923 0.11298076923076923 0.019230769230769232
2 0.5060096153846154 0.375 0.11298076923076923 0.07211538461538461
2 0.49278846153846156 0.43990384615384615 0.11057692307692307 0.08173076923076923
2 0.4855769230769231 0.4879807692307692 0.11057692307692307 0.08173076923076923
2 0.4795673076923077 0.5432692307692307 0.1201923076923077 0.0889423076923077
2 0.890625 0.9567307692307693 0.15144230769230768 0.08173076923076923