2 0.5588942307692307 0.12379807692307693 0.055288461538461536 0.17548076923076922
2 0.4699519230769231 0.140625 0.09134615384615384 0.17067307692307693
2 0.3016826923076923 0.17067307692307693 0.0889423076923077 0.16826923076923078
2 0.3425480769230769 0.3329326923076923 0.08413461538461539 0.13221153846153846
2 0.039663461538461536 0.23076923076923078 0.07932692307692307 0.17307692307692307
2 0.7908653846153846 0.3137019230769231 0.0985576923076923 0.14903846153846154
2 0.8149038461538461 0.4579326923076923 0.09615384615384616 0.0985576923076923
2 0.7175480769230769 0.030048076923076924 0.11778846153846154 0.06009615384615385
2 0.640625 0.040865384615384616 0.0985576923076923 0.08173076923076923
2 0.4963942307692308 0.5480769230769231 0.15625 0.07692307692307693
2 0.5024038461538461 0.5985576923076923 0.15144230769230768 0.10817307692307693
2 0.5120192307692307 0.6959134615384616 0.15144230769230768 0.09375
2 0.5036057692307693 0.75 0.15144230769230768 0.09375
2 0.5120192307692307 0.796875 0.15144230769230768 0.09375
2 0.5180288461538461 0.8521634615384616 0.13701923076923078 0.09375
2 0.5588942307692307 0.9591346153846154 0.055288461538461536 0.07692307692307693