2 0.21514423076923078 0.18990384615384615 0.08413461538461539 0.13942307692307693
2 0.29447115384615385 0.20192307692307693 0.07211538461538461 0.12740384615384615
2 0.47716346153846156 0.5733173076923077 0.0985576923076923 0.0889423076923077
2 0.3401442307692308 0.5829326923076923 0.13701923076923078 0.10817307692307693
2 0.9254807692307693 0.9423076923076923 0.0673076923076923 0.11057692307692307
2 0.5492788461538461 0.8882211538461539 0.040865384615384616 0.11298076923076923
2 0.9519230769230769 0.8137019230769231 0.06490384615384616 0.12259615384615384
2 0.5540865384615384 0.8028846153846154 0.05048076923076923 0.1346153846153846
2 0.6646634615384616 0.8545673076923077 0.1466346153846154 0.1346153846153846
2 0.6346153846153846 0.9615384615384616 0.14903846153846154 0.07211538461538461
2 0.6286057692307693 0.5432692307692307 0.12740384615384615 0.028846153846153848