2 0.921875 0.038461538461538464 0.15144230769230768 0.07692307692307693
2 0.8293269230769231 0.9615384615384616 0.14903846153846154 0.07211538461538461
2 0.8305288461538461 0.8930288461538461 0.15625 0.0985576923076923
2 0.6947115384615384 0.7223557692307693 0.15625 0.0985576923076923
2 0.8425480769230769 0.7548076923076923 0.1466346153846154 0.09134615384615384
2 0.7007211538461539 0.6454326923076923 0.1466346153846154 0.09134615384615384
2 0.8497596153846154 0.6971153846153846 0.1466346153846154 0.09134615384615384
2 0.7379807692307693 0.5817307692307693 0.14903846153846154 0.08653846153846154
2 0.7211538461538461 0.5504807692307693 0.14903846153846154 0.02403846153846154
2 0.8689903846153846 0.578125 0.15144230769230768 0.07932692307692307
2 0.8581730769230769 0.6358173076923077 0.15384615384615385 0.08413461538461539