2 0.34375 0.31850961538461536 0.11057692307692307 0.07451923076923077
2 0.33533653846153844 0.09014423076923077 0.09375 0.10336538461538461
2 0.4807692307692308 0.0733173076923077 0.18509615384615385 0.10096153846153846
2 0.48197115384615385 0.1466346153846154 0.11538461538461539 0.07692307692307693
2 0.46634615384615385 0.2283653846153846 0.16105769230769232 0.0889423076923077
2 0.5060096153846154 0.3004807692307692 0.15625 0.10096153846153846
2 0.49158653846153844 0.34615384615384615 0.14182692307692307 0.019230769230769232
2 0.7872596153846154 0.390625 0.15144230769230768 0.06490384615384616
2 0.7884615384615384 0.45072115384615385 0.18269230769230768 0.09375
2 0.8064903846153846 0.5228365384615384 0.1346153846153846 0.08413461538461539
2 0.7824519230769231 0.609375 0.16826923076923078 0.09134615384615384