2 0.7560096153846154 0.421875 0.20432692307692307 0.06971153846153846
2 0.6394230769230769 0.2283653846153846 0.10096153846153846 0.16826923076923078
2 0.7115384615384616 0.22956730769230768 0.10096153846153846 0.16826923076923078
2 0.8112980769230769 0.12259615384615384 0.10096153846153846 0.16826923076923078
2 0.8076923076923077 0.1141826923076923 0.10096153846153846 0.16826923076923078
2 0.04927884615384615 0.6610576923076923 0.0985576923076923 0.08653846153846154
2 0.06370192307692307 0.5048076923076923 0.12740384615384615 0.08653846153846154
2 0.17067307692307693 0.6971153846153846 0.1346153846153846 0.08413461538461539
2 0.18269230769230768 0.6262019230769231 0.1346153846153846 0.08413461538461539
2 0.22355769230769232 0.5528846153846154 0.17067307692307693 0.10096153846153846
2 0.25 0.4963942307692308 0.13942307692307693 0.07451923076923077
2 0.09014423076923077 0.4699519230769231 0.13701923076923078 0.021634615384615384
2 0.7139423076923077 0.5889423076923077 0.11057692307692307 0.16346153846153846
2 0.9771634615384616 0.9350961538461539 0.040865384615384616 0.125