2 0.07451923076923077 0.4375 0.09134615384615384 0.07692307692307693
2 0.027644230769230768 0.20432692307692307 0.055288461538461536 0.13942307692307693
2 0.11298076923076923 0.328125 0.07692307692307693 0.13701923076923078
2 0.18028846153846154 0.31850961538461536 0.07692307692307693 0.13701923076923078
2 0.30288461538461536 0.3076923076923077 0.09615384615384616 0.15865384615384615
2 0.23918269230769232 0.31490384615384615 0.06971153846153846 0.15144230769230768
2 0.4651442307692308 0.28846153846153844 0.040865384615384616 0.1346153846153846
2 0.42427884615384615 0.28725961538461536 0.07451923076923077 0.13221153846153846
2 0.41225961538461536 0.1502403846153846 0.07692307692307693 0.11778846153846154
2 0.359375 0.28846153846153844 0.07451923076923077 0.13221153846153846
2 0.35216346153846156 0.15504807692307693 0.07211538461538461 0.1201923076923077
2 0.29447115384615385 0.15745192307692307 0.07211538461538461 0.1201923076923077
2 0.21394230769230768 0.16466346153846154 0.08413461538461539 0.13942307692307693
2 0.15384615384615385 0.17548076923076922 0.08413461538461539 0.13942307692307693
2 0.078125 0.18990384615384615 0.08413461538461539 0.13942307692307693
2 0.3798076923076923 0.9819711538461539 0.16826923076923078 0.03125
2 0.8882211538461539 0.8557692307692307 0.15144230769230768 0.0889423076923077
2 0.5841346153846154 0.75 0.13942307692307693 0.09375
2 0.6045673076923077 0.8689903846153846 0.13942307692307693 0.08413461538461539