2 0.5997596153846154 0.06490384615384616 0.03125 0.12980769230769232
2 0.5733173076923077 0.09975961538461539 0.08413461538461539 0.1466346153846154
2 0.5444711538461539 0.13822115384615385 0.12740384615384615 0.13942307692307693
2 0.4987980769230769 0.1814903846153846 0.12259615384615384 0.125
2 0.4362980769230769 0.2127403846153846 0.12259615384615384 0.125
2 0.3762019230769231 0.26322115384615385 0.12259615384615384 0.125
2 0.5120192307692307 0.020432692307692308 0.125 0.040865384615384616
2 0.4567307692307692 0.039663461538461536 0.125 0.07932692307692307
2 0.40384615384615385 0.06129807692307692 0.125 0.12259615384615384
2 0.3485576923076923 0.10336538461538461 0.12259615384615384 0.12980769230769232
2 0.2848557692307692 0.13942307692307693 0.12259615384615384 0.12980769230769232
2 0.23317307692307693 0.17427884615384615 0.12259615384615384 0.12980769230769232
2 0.19831730769230768 0.030048076923076924 0.12740384615384615 0.06009615384615385
2 0.12259615384615384 0.046875 0.125 0.09375
2 0.6586538461538461 0.5649038461538461 0.08173076923076923 0.0625
2 0.7295673076923077 0.35697115384615385 0.12259615384615384 0.14903846153846154
2 0.9735576923076923 0.5528846153846154 0.04807692307692308 0.08653846153846154
2 0.9026442307692307 0.5697115384615384 0.07451923076923077 0.052884615384615384
2 0.7331730769230769 0.5612980769230769 0.09134615384615384 0.06971153846153846
2 0.24759615384615385 0.9170673076923077 0.11057692307692307 0.12980769230769232
2 0.19951923076923078 0.9471153846153846 0.11538461538461539 0.10096153846153846
2 0.140625 0.9555288461538461 0.11298076923076923 0.08413461538461539
2 0.1141826923076923 0.9735576923076923 0.11298076923076923 0.04807692307692308
2 0.06490384615384616 0.8689903846153846 0.11057692307692307 0.12980769230769232
2 0.056490384615384616 0.7007211538461539 0.09615384615384616 0.1201923076923077
2 0.037259615384615384 0.7596153846153846 0.06009615384615385 0.11298076923076923
2 0.578125 0.9579326923076923 0.07451923076923077 0.07932692307692307
2 0.5793269230769231 0.9026442307692307 0.07211538461538461 0.0889423076923077
2 0.5817307692307693 0.7007211538461539 0.0673076923076923 0.0889423076923077
2 0.5793269230769231 0.7728365384615384 0.07211538461538461 0.0889423076923077
2 0.578125 0.8389423076923077 0.07451923076923077 0.08173076923076923
2 0.49759615384615385 0.6466346153846154 0.10096153846153846 0.09615384615384616