2 0.4879807692307692 0.015625 0.1346153846153846 0.03125
2 0.4855769230769231 0.04326923076923077 0.13942307692307693 0.08653846153846154
2 0.49158653846153844 0.0829326923076923 0.12740384615384615 0.0985576923076923
2 0.5012019230769231 0.140625 0.10817307692307693 0.0985576923076923
2 0.9555288461538461 0.08413461538461539 0.08413461538461539 0.14903846153846154
2 0.9447115384615384 0.2512019230769231 0.10576923076923077 0.17067307692307693
2 0.9014423076923077 0.09134615384615384 0.10336538461538461 0.14182692307692307
2 0.8413461538461539 0.09975961538461539 0.10336538461538461 0.14182692307692307
2 0.8774038461538461 0.24759615384615385 0.10336538461538461 0.14182692307692307
2 0.8028846153846154 0.2644230769230769 0.10336538461538461 0.14182692307692307
2 0.6971153846153846 0.1310096153846154 0.10336538461538461 0.15865384615384615
2 0.6790865384615384 0.28846153846153844 0.10336538461538461 0.15865384615384615
2 0.6057692307692307 0.2848557692307692 0.09615384615384616 0.16105769230769232
2 0.2824519230769231 0.90625 0.12980769230769232 0.10336538461538461
2 0.14302884615384615 0.8485576923076923 0.16346153846153846 0.11538461538461539
2 0.953125 0.7451923076923077 0.0889423076923077 0.14903846153846154