2 0.5084134615384616 0.07451923076923077 0.07932692307692307 0.08173076923076923
2 0.5036057692307693 0.1346153846153846 0.06971153846153846 0.08173076923076923
2 0.5072115384615384 0.2091346153846154 0.07692307692307693 0.08653846153846154
2 0.8209134615384616 0.028846153846153848 0.15144230769230768 0.057692307692307696
2 0.9519230769230769 0.057692307692307696 0.09134615384615384 0.08653846153846154
2 0.8100961538461539 0.07932692307692307 0.14903846153846154 0.08413461538461539
2 0.8245192307692307 0.15985576923076922 0.14903846153846154 0.08413461538461539
2 0.953125 0.13701923076923078 0.0889423076923077 0.08653846153846154
2 0.04447115384615385 0.5048076923076923 0.0889423076923077 0.09134615384615384
2 0.31971153846153844 0.43990384615384615 0.1346153846153846 0.0889423076923077
2 0.9350961538461539 0.4411057692307692 0.125 0.12259615384615384