2 0.6802884615384616 0.1875 0.07451923076923077 0.1346153846153846
2 0.8112980769230769 0.17307692307692307 0.07211538461538461 0.17307692307692307
2 0.9627403846153846 0.17307692307692307 0.06971153846153846 0.13942307692307693
2 0.8798076923076923 0.18269230769230768 0.052884615384615384 0.12740384615384615
2 0.5709134615384616 0.7620192307692307 0.08413461538461539 0.07211538461538461
2 0.8353365384615384 0.5060096153846154 0.06490384615384616 0.036057692307692304
2 0.6478365384615384 0.9483173076923077 0.06490384615384616 0.0985576923076923
2 0.5661057692307693 0.5144230769230769 0.06971153846153846 0.052884615384615384
2 0.6298076923076923 0.5168269230769231 0.0625 0.057692307692307696
2 0.7259615384615384 0.9411057692307693 0.057692307692307696 0.11298076923076923
2 0.8052884615384616 0.9555288461538461 0.07211538461538461 0.08413461538461539
2 0.6971153846153846 0.5144230769230769 0.057692307692307696 0.052884615384615384
2 0.9699519230769231 0.9507211538461539 0.055288461538461536 0.09375