2 0.6790865384615384 0.26802884615384615 0.040865384615384616 0.11778846153846154
2 0.6983173076923077 0.2247596153846154 0.07932692307692307 0.15144230769230768
2 0.7223557692307693 0.171875 0.12740384615384615 0.15144230769230768
2 0.7572115384615384 0.0985576923076923 0.14903846153846154 0.1466346153846154
2 0.8088942307692307 0.0625 0.15144230769230768 0.125
2 0.8473557692307693 0.025240384615384616 0.15144230769230768 0.05048076923076923
2 0.8329326923076923 0.27524038461538464 0.15144230769230768 0.10336538461538461
2 0.8774038461538461 0.2548076923076923 0.14903846153846154 0.1466346153846154
2 0.9158653846153846 0.19831730769230768 0.14903846153846154 0.1466346153846154
2 0.9435096153846154 0.1466346153846154 0.10817307692307693 0.14903846153846154
2 0.9483173076923077 0.2824519230769231 0.0985576923076923 0.0889423076923077
2 0.9663461538461539 0.0829326923076923 0.0625 0.15144230769230768
2 0.9711538461538461 0.2548076923076923 0.052884615384615384 0.14423076923076922
2 0.038461538461538464 0.44591346153846156 0.07692307692307693 0.15144230769230768
2 0.02403846153846154 0.7512019230769231 0.04807692307692308 0.15144230769230768
2 0.05889423076923077 0.39783653846153844 0.11778846153846154 0.13701923076923078
2 0.052884615384615384 0.6971153846153846 0.10576923076923077 0.14903846153846154
2 0.0889423076923077 0.36538461538461536 0.15384615384615385 0.07211538461538461
2 0.07211538461538461 0.6322115384615384 0.14423076923076922 0.14903846153846154
2 0.12259615384615384 0.5829326923076923 0.14903846153846154 0.1466346153846154
2 0.09495192307692307 0.9314903846153846 0.15144230769230768 0.13221153846153846
2 0.16947115384615385 0.5132211538461539 0.14903846153846154 0.1466346153846154
2 0.13341346153846154 0.8810096153846154 0.14903846153846154 0.1466346153846154
2 0.18028846153846154 0.828125 0.14903846153846154 0.1466346153846154
2 0.23317307692307693 0.4651442307692308 0.14903846153846154 0.1466346153846154
2 0.2283653846153846 0.7548076923076923 0.14903846153846154 0.1466346153846154
2 0.2800480769230769 0.7055288461538461 0.14903846153846154 0.1466346153846154
2 0.31850961538461536 0.6334134615384616 0.14903846153846154 0.1466346153846154
2 0.30408653846153844 0.9387019230769231 0.15144230769230768 0.11778846153846154
2 0.3798076923076923 0.5673076923076923 0.14903846153846154 0.1466346153846154
2 0.3485576923076923 0.9110576923076923 0.14903846153846154 0.1466346153846154
2 0.3870192307692308 0.8545673076923077 0.14903846153846154 0.1466346153846154
2 0.4362980769230769 0.8028846153846154 0.14903846153846154 0.1466346153846154
2 0.44591346153846156 0.9459134615384616 0.15144230769230768 0.10336538461538461
2 0.48197115384615385 0.7391826923076923 0.14903846153846154 0.1466346153846154
2 0.49158653846153844 0.9146634615384616 0.14903846153846154 0.1466346153846154
2 0.5384615384615384 0.6850961538461539 0.14903846153846154 0.1466346153846154
2 0.5384615384615384 0.859375 0.14903846153846154 0.1466346153846154
2 0.5817307692307693 0.8076923076923077 0.14903846153846154 0.14903846153846154
2 0.6057692307692307 0.75 0.10096153846153846 0.14903846153846154