2 0.265625 0.08653846153846154 0.07692307692307693 0.1346153846153846
2 0.7920673076923077 0.3449519230769231 0.17067307692307693 0.16105769230769232
2 0.6887019230769231 0.3076923076923077 0.16346153846153846 0.16105769230769232
2 0.34615384615384615 0.8088942307692307 0.0625 0.19951923076923078
2 0.21754807692307693 0.9603365384615384 0.0889423076923077 0.07451923076923077
2 0.13942307692307693 0.6802884615384616 0.08413461538461539 0.1658653846153846
2 0.28846153846153844 0.9711538461538461 0.08653846153846154 0.052884615384615384
2 0.7776442307692307 0.6153846153846154 0.13942307692307693 0.08413461538461539
2 0.9146634615384616 0.7019230769230769 0.13942307692307693 0.07211538461538461
2 0.9170673076923077 0.7716346153846154 0.13942307692307693 0.07211538461538461
2 0.9182692307692307 0.8954326923076923 0.16105769230769232 0.09134615384615384
2 0.9158653846153846 0.8293269230769231 0.15144230769230768 0.0673076923076923
2 0.9326923076923077 0.9567307692307693 0.1346153846153846 0.06971153846153846