2 0.021634615384615384 0.10697115384615384 0.04326923076923077 0.15144230769230768
2 0.051682692307692304 0.09495192307692307 0.10336538461538461 0.15144230769230768
2 0.11538461538461539 0.08774038461538461 0.13942307692307693 0.17548076923076922
2 0.1971153846153846 0.07932692307692307 0.13942307692307693 0.15865384615384615
2 0.046875 0.2620192307692308 0.09375 0.18269230769230768
2 0.10336538461538461 0.2536057692307692 0.13701923076923078 0.18509615384615385
2 0.18629807692307693 0.23677884615384615 0.13701923076923078 0.18509615384615385
2 0.18028846153846154 0.2439903846153846 0.13701923076923078 0.18509615384615385
2 0.08774038461538461 0.9567307692307693 0.0889423076923077 0.08173076923076923
2 0.16346153846153846 0.9326923076923077 0.09615384615384616 0.12980769230769232
2 0.020432692307692308 0.6634615384615384 0.040865384615384616 0.16346153846153846
2 0.0829326923076923 0.6430288461538461 0.10576923076923077 0.19471153846153846
2 0.7451923076923077 0.9795673076923077 0.13942307692307693 0.036057692307692304
2 0.9242788461538461 0.9615384615384616 0.14182692307692307 0.07211538461538461
2 0.9723557692307693 0.9495192307692307 0.05048076923076923 0.09615384615384616
2 0.5865384615384616 0.8665865384615384 0.1658653846153846 0.11298076923076923
2 0.8774038461538461 0.5072115384615384 0.16826923076923078 0.11057692307692307
2 0.9723557692307693 0.5024038461538461 0.05048076923076923 0.07692307692307693