2 0.43990384615384615 0.037259615384615384 0.14423076923076922 0.07451923076923077
2 0.27524038461538464 0.015625 0.14182692307692307 0.03125
2 0.41225961538461536 0.09615384615384616 0.13942307692307693 0.09134615384615384
2 0.24158653846153846 0.11658653846153846 0.16346153846153846 0.10336538461538461
2 0.40024038461538464 0.15745192307692307 0.13701923076923078 0.0985576923076923
2 0.3870192307692308 0.21875 0.13701923076923078 0.0985576923076923
2 0.24158653846153846 0.18629807692307693 0.13701923076923078 0.0985576923076923
2 0.21995192307692307 0.2608173076923077 0.13701923076923078 0.0985576923076923
2 0.3449519230769231 0.3641826923076923 0.15384615384615385 0.0985576923076923
2 0.18629807692307693 0.3858173076923077 0.15384615384615385 0.0985576923076923
2 0.18389423076923078 0.44471153846153844 0.15625 0.0625
2 0.8389423076923077 0.038461538461538464 0.1346153846153846 0.07692307692307693
2 0.5120192307692307 0.734375 0.11538461538461539 0.17067307692307693
2 0.052884615384615384 0.6141826923076923 0.10336538461538461 0.1466346153846154
2 0.039663461538461536 0.7487980769230769 0.07932692307692307 0.15144230769230768