2 0.5817307692307693 0.5072115384615384 0.04807692307692308 0.11057692307692307
2 0.5769230769230769 0.5769230769230769 0.057692307692307696 0.11057692307692307
2 0.5552884615384616 0.6382211538461539 0.10096153846153846 0.12740384615384615
2 0.5576923076923077 0.6778846153846154 0.09615384615384616 0.057692307692307696
2 0.4050480769230769 0.016826923076923076 0.14182692307692307 0.03365384615384615
2 0.3786057692307692 0.057692307692307696 0.14182692307692307 0.0985576923076923
2 0.23918269230769232 0.030048076923076924 0.14182692307692307 0.06009615384615385
2 0.36778846153846156 0.12740384615384615 0.14182692307692307 0.0985576923076923
2 0.36538461538461536 0.203125 0.14182692307692307 0.0985576923076923
2 0.20673076923076922 0.14903846153846154 0.14182692307692307 0.0985576923076923
2 0.33052884615384615 0.33774038461538464 0.14182692307692307 0.0985576923076923
2 0.16826923076923078 0.2824519230769231 0.14182692307692307 0.0985576923076923
2 0.2980769230769231 0.40384615384615385 0.14182692307692307 0.0985576923076923
2 0.12740384615384615 0.41225961538461536 0.16826923076923078 0.11298076923076923
2 0.28365384615384615 0.4651442307692308 0.13942307692307693 0.10817307692307693
2 0.265625 0.5240384615384616 0.13942307692307693 0.10817307692307693
2 0.12259615384615384 0.4807692307692308 0.13942307692307693 0.10817307692307693
2 0.09495192307692307 0.5540865384615384 0.13942307692307693 0.10817307692307693
2 0.21394230769230768 0.6586538461538461 0.15865384615384615 0.09615384615384616
2 0.0673076923076923 0.6634615384615384 0.1346153846153846 0.08653846153846154
2 0.8930288461538461 0.5144230769230769 0.16346153846153846 0.17307692307692307
2 0.5372596153846154 0.7379807692307693 0.13701923076923078 0.057692307692307696
2 0.10096153846153846 0.8701923076923077 0.16826923076923078 0.11298076923076923
2 0.018028846153846152 0.8221153846153846 0.036057692307692304 0.11057692307692307
2 0.7680288461538461 0.9783653846153846 0.08413461538461539 0.038461538461538464
2 0.8161057692307693 0.8617788461538461 0.08173076923076923 0.13701923076923078
2 0.8521634615384616 0.7596153846153846 0.08413461538461539 0.10096153846153846