2 0.3485576923076923 0.44711538461538464 0.1201923076923077 0.09615384615384616
2 0.8509615384615384 0.5276442307692307 0.12980769230769232 0.08653846153846154
2 0.1045673076923077 0.6971153846153846 0.12980769230769232 0.09134615384615384
2 0.6682692307692307 0.7271634615384616 0.16346153846153846 0.09134615384615384
2 0.6346153846153846 0.6694711538461539 0.16826923076923078 0.06009615384615385
2 0.6850961538461539 0.8701923076923077 0.1466346153846154 0.09134615384615384
2 0.6923076923076923 0.9447115384615384 0.1466346153846154 0.09134615384615384
2 0.8521634615384616 0.6598557692307693 0.13221153846153846 0.040865384615384616
2 0.8605769230769231 0.7067307692307693 0.12740384615384615 0.0889423076923077
2 0.9050480769230769 0.8521634615384616 0.12740384615384615 0.0889423076923077
2 0.9278846153846154 0.9735576923076923 0.1346153846153846 0.04807692307692308