2 0.140625 0.5204326923076923 0.16105769230769232 0.05048076923076923
2 0.1201923076923077 0.45072115384615385 0.12259615384615384 0.07211538461538461
2 0.11057692307692307 0.38461538461538464 0.12259615384615384 0.07211538461538461
2 0.109375 0.31850961538461536 0.12259615384615384 0.07211538461538461
2 0.09134615384615384 0.234375 0.12259615384615384 0.07211538461538461
2 0.10096153846153846 0.1622596153846154 0.12259615384615384 0.07211538461538461
2 0.4495192307692308 0.44471153846153844 0.12259615384615384 0.07451923076923077
2 0.49038461538461536 0.5120192307692307 0.125 0.0673076923076923
2 0.5889423076923077 0.5072115384615384 0.07692307692307693 0.07692307692307693
2 0.5949519230769231 0.4483173076923077 0.06490384615384616 0.08413461538461539
2 0.5504807692307693 0.0673076923076923 0.07692307692307693 0.1346153846153846
2 0.6069711538461539 0.07091346153846154 0.040865384615384616 0.14182692307692307