2 0.7944711538461539 0.36538461538461536 0.17548076923076922 0.08173076923076923
2 0.7788461538461539 0.203125 0.17067307692307693 0.09134615384615384
2 0.6129807692307693 0.24278846153846154 0.13221153846153846 0.08413461538461539
2 0.16947115384615385 0.8137019230769231 0.13701923076923078 0.15384615384615385
2 0.35336538461538464 0.9747596153846154 0.02403846153846154 0.04567307692307692
2 0.21514423076923078 0.984375 0.10336538461538461 0.026442307692307692
2 0.9699519230769231 0.5961538461538461 0.055288461538461536 0.14903846153846154
2 0.9483173076923077 0.6490384615384616 0.0985576923076923 0.14903846153846154
2 0.9278846153846154 0.6983173076923077 0.14182692307692307 0.14423076923076922
2 0.8918269230769231 0.7487980769230769 0.1346153846153846 0.12980769230769232
2 0.8353365384615384 0.7932692307692307 0.1346153846153846 0.12980769230769232
2 0.7860576923076923 0.8545673076923077 0.1346153846153846 0.12980769230769232
2 0.9471153846153846 0.4567307692307692 0.10096153846153846 0.09615384615384616
2 0.9110576923076923 0.4951923076923077 0.1346153846153846 0.12980769230769232
2 0.8641826923076923 0.5492788461538461 0.1346153846153846 0.12980769230769232
2 0.8173076923076923 0.5985576923076923 0.1346153846153846 0.12980769230769232
2 0.7740384615384616 0.6514423076923077 0.1346153846153846 0.12980769230769232
2 0.7283653846153846 0.7067307692307693 0.1346153846153846 0.1346153846153846
2 0.671875 0.7548076923076923 0.1346153846153846 0.1346153846153846
2 0.6274038461538461 0.8004807692307693 0.1346153846153846 0.1346153846153846
2 0.7872596153846154 0.42908653846153844 0.13701923076923078 0.040865384615384616
2 0.7403846153846154 0.4543269230769231 0.13942307692307693 0.09134615384615384
2 0.7019230769230769 0.4831730769230769 0.1346153846153846 0.1346153846153846
2 0.6502403846153846 0.5336538461538461 0.1346153846153846 0.1346153846153846
2 0.6021634615384616 0.5793269230769231 0.1346153846153846 0.1346153846153846
2 0.5588942307692307 0.6334134615384616 0.1346153846153846 0.1346153846153846
2 0.49278846153846156 0.6826923076923077 0.1346153846153846 0.1346153846153846
2 0.578125 0.4230769230769231 0.12259615384615384 0.028846153846153848
2 0.5348557692307693 0.44350961538461536 0.12259615384615384 0.06971153846153846
2 0.49399038461538464 0.4675480769230769 0.12259615384615384 0.11778846153846154
2 0.4338942307692308 0.5096153846153846 0.1201923076923077 0.12980769230769232
2 0.4098557692307692 0.5504807692307693 0.08413461538461539 0.12980769230769232