2 0.054086538461538464 0.026442307692307692 0.10817307692307693 0.052884615384615384
2 0.5576923076923077 0.2439903846153846 0.038461538461538464 0.15144230769230768
2 0.5757211538461539 0.29927884615384615 0.07451923076923077 0.11298076923076923
2 0.6081730769230769 0.04447115384615385 0.13942307692307693 0.0889423076923077
2 0.6045673076923077 0.328125 0.13221153846153846 0.055288461538461536
2 0.6394230769230769 0.09014423076923077 0.1466346153846154 0.1466346153846154
2 0.6826923076923077 0.1466346153846154 0.1466346153846154 0.1466346153846154
2 0.7079326923076923 0.22355769230769232 0.1466346153846154 0.1466346153846154
2 0.7596153846153846 0.28846153846153844 0.14903846153846154 0.1346153846153846
2 0.8149038461538461 0.04567307692307692 0.14903846153846154 0.09134615384615384
2 0.8557692307692307 0.0733173076923077 0.14903846153846154 0.1466346153846154
2 0.8918269230769231 0.14182692307692307 0.1466346153846154 0.1466346153846154
2 0.9266826923076923 0.02283653846153846 0.14182692307692307 0.04567307692307692
2 0.9302884615384616 0.20192307692307693 0.1346153846153846 0.14903846153846154
2 0.9447115384615384 0.054086538461538464 0.10576923076923077 0.10817307692307693
2 0.9639423076923077 0.0889423076923077 0.0673076923076923 0.14903846153846154
2 0.9819711538461539 0.15144230769230768 0.03125 0.14903846153846154
2 0.22716346153846154 0.5288461538461539 0.0673076923076923 0.125