2 0.1778846153846154 0.49399038461538464 0.14423076923076922 0.09134615384615384
2 0.4423076923076923 0.4266826923076923 0.14423076923076922 0.07451923076923077
2 0.32211538461538464 0.5264423076923077 0.14182692307692307 0.07932692307692307
2 0.3329326923076923 0.5925480769230769 0.14182692307692307 0.07932692307692307
2 0.3485576923076923 0.7151442307692307 0.1658653846153846 0.10096153846153846
2 0.3389423076923077 0.6502403846153846 0.15384615384615385 0.07692307692307693
2 0.3798076923076923 0.9579326923076923 0.16826923076923078 0.07932692307692307
2 0.375 0.9014423076923077 0.13701923076923078 0.09615384615384616
2 0.3737980769230769 0.8329326923076923 0.13701923076923078 0.07932692307692307
2 0.49158653846153844 0.8161057692307693 0.0889423076923077 0.08413461538461539
2 0.3701923076923077 0.7680288461538461 0.13701923076923078 0.07932692307692307
2 0.48677884615384615 0.7560096153846154 0.0985576923076923 0.07932692307692307
2 0.48677884615384615 0.7007211538461539 0.0985576923076923 0.07932692307692307
2 0.47475961538461536 0.6189903846153846 0.12259615384615384 0.09375
2 0.46875 0.5600961538461539 0.1346153846153846 0.09134615384615384
2 0.45913461538461536 0.4855769230769231 0.1466346153846154 0.0889423076923077