2 0.7776442307692307 0.234375 0.13701923076923078 0.08173076923076923
2 0.055288461538461536 0.4807692307692308 0.10336538461538461 0.12259615384615384
2 0.046875 0.59375 0.09375 0.125
2 0.036057692307692304 0.7788461538461539 0.07211538461538461 0.125
2 0.01201923076923077 0.7379807692307693 0.02403846153846154 0.125
2 0.13221153846153846 0.4074519230769231 0.08173076923076923 0.13701923076923078
2 0.375 0.4266826923076923 0.13942307692307693 0.09134615384615384
2 0.3701923076923077 0.5048076923076923 0.1346153846153846 0.07692307692307693
2 0.3798076923076923 0.5829326923076923 0.14182692307692307 0.08413461538461539
2 0.5084134615384616 0.7211538461538461 0.09375 0.08653846153846154
2 0.38461538461538464 0.7235576923076923 0.1346153846153846 0.07692307692307693
2 0.5120192307692307 0.7992788461538461 0.08653846153846154 0.07932692307692307
2 0.3858173076923077 0.7824519230769231 0.1346153846153846 0.07692307692307693
2 0.4987980769230769 0.8762019230769231 0.11298076923076923 0.07932692307692307
2 0.5108173076923077 0.9338942307692307 0.0889423076923077 0.07932692307692307
2 0.5132211538461539 0.9735576923076923 0.08413461538461539 0.04807692307692308
2 0.38822115384615385 0.9699519230769231 0.13701923076923078 0.055288461538461536
2 0.38341346153846156 0.9122596153846154 0.1346153846153846 0.07692307692307693
2 0.3858173076923077 0.8449519230769231 0.14182692307692307 0.06971153846153846