2 0.49158653846153844 0.6394230769230769 0.06971153846153846 0.03365384615384615
2 0.41947115384615385 0.47596153846153844 0.11538461538461539 0.1658653846153846
2 0.46274038461538464 0.953125 0.12740384615384615 0.0889423076923077
2 0.4891826923076923 0.9290865384615384 0.07451923076923077 0.13701923076923078
2 0.5048076923076923 0.8846153846153846 0.04326923076923077 0.16346153846153846
2 0.22716346153846154 0.9362980769230769 0.17548076923076922 0.12259615384615384
2 0.27283653846153844 0.9122596153846154 0.17067307692307693 0.16105769230769232
2 0.3125 0.859375 0.17067307692307693 0.16105769230769232
2 0.3701923076923077 0.8040865384615384 0.17067307692307693 0.16105769230769232
2 0.40384615384615385 0.7451923076923077 0.17067307692307693 0.16105769230769232
2 0.4519230769230769 0.7199519230769231 0.14903846153846154 0.12259615384615384
2 0.15264423076923078 0.7548076923076923 0.17067307692307693 0.16105769230769232
2 0.18028846153846154 0.7235576923076923 0.17307692307692307 0.12980769230769232
2 0.22596153846153846 0.7007211538461539 0.17307692307692307 0.08413461538461539
2 0.10096153846153846 0.6802884615384616 0.16346153846153846 0.04326923076923077
2 0.6887019230769231 0.7355769230769231 0.10817307692307693 0.13942307692307693