2 0.9831730769230769 0.07692307692307693 0.028846153846153848 0.13942307692307693
2 0.6502403846153846 0.12980769230769232 0.07451923076923077 0.13701923076923078
2 0.90625 0.0889423076923077 0.0673076923076923 0.13701923076923078
2 0.8209134615384616 0.10817307692307693 0.07451923076923077 0.13942307692307693
2 0.7367788461538461 0.1141826923076923 0.0673076923076923 0.13221153846153846
2 0.9891826923076923 0.9194711538461539 0.016826923076923076 0.15144230769230768
2 0.8834134615384616 0.9302884615384616 0.07932692307692307 0.1346153846153846
2 0.8125 0.9350961538461539 0.07692307692307693 0.125
2 0.7860576923076923 0.7848557692307693 0.07451923076923077 0.1466346153846154
2 0.8605769230769231 0.7836538461538461 0.07451923076923077 0.1466346153846154
2 0.9375 0.8040865384615384 0.06490384615384616 0.12740384615384615
2 0.9819711538461539 0.7824519230769231 0.03125 0.13701923076923078