2 0.018028846153846152 0.038461538461538464 0.036057692307692304 0.07692307692307693
2 0.14182692307692307 0.051682692307692304 0.11057692307692307 0.10336538461538461
2 0.3076923076923077 0.052884615384615384 0.11057692307692307 0.10576923076923077
2 0.05889423076923077 0.3293269230769231 0.10817307692307693 0.15625
2 0.18870192307692307 0.3112980769230769 0.10817307692307693 0.15625
2 0.27283653846153844 0.33413461538461536 0.10817307692307693 0.15625
2 0.34375 0.3245192307692308 0.10817307692307693 0.15625
2 0.3954326923076923 0.31971153846153844 0.021634615384615384 0.15865384615384615
2 0.7079326923076923 0.1935096153846154 0.1201923076923077 0.12980769230769232
2 0.46153846153846156 0.2439903846153846 0.10576923076923077 0.1466346153846154
2 0.3798076923076923 0.5540865384615384 0.052884615384615384 0.0889423076923077