2 0.45552884615384615 0.30528846153846156 0.15625 0.10096153846153846
2 0.4266826923076923 0.15384615384615385 0.15384615384615385 0.12259615384615384
2 0.359375 0.040865384615384616 0.18028846153846154 0.08173076923076923
2 0.16346153846153846 0.31009615384615385 0.18269230769230768 0.09134615384615384
2 0.09375 0.16346153846153846 0.18028846153846154 0.14182692307692307
2 0.078125 0.054086538461538464 0.15625 0.10817307692307693
2 0.9711538461538461 0.2824519230769231 0.052884615384615384 0.1466346153846154
2 0.6442307692307693 0.1346153846153846 0.19230769230769232 0.1201923076923077
9 0.6394230769230769 0.057692307692307696 0.18269230769230768 0.11538461538461539
2 0.5288461538461539 0.9290865384615384 0.03365384615384615 0.10336538461538461
2 0.9519230769230769 0.8365384615384616 0.09134615384615384 0.09615384615384616
2 0.7908653846153846 0.9639423076923077 0.14903846153846154 0.0673076923076923