2 0.21514423076923078 0.5276442307692307 0.14903846153846154 0.10096153846153846
2 0.6009615384615384 0.44711538461538464 0.10096153846153846 0.038461538461538464
2 0.47836538461538464 0.44591346153846156 0.07692307692307693 0.036057692307692304
2 0.9771634615384616 0.6526442307692307 0.040865384615384616 0.14182692307692307
2 0.8605769230769231 0.6730769230769231 0.08173076923076923 0.13701923076923078
2 0.8918269230769231 0.8389423076923077 0.08173076923076923 0.13701923076923078
2 0.7884615384615384 0.6971153846153846 0.08173076923076923 0.13701923076923078
2 0.7560096153846154 0.8665865384615384 0.09134615384615384 0.16105769230769232
2 0.7271634615384616 0.7055288461538461 0.09134615384615384 0.1346153846153846
2 0.6658653846153846 0.7163461538461539 0.09134615384615384 0.1346153846153846
2 0.6862980769230769 0.8629807692307693 0.09134615384615384 0.1346153846153846
2 0.6105769230769231 0.8810096153846154 0.09134615384615384 0.1346153846153846
2 0.5168269230769231 0.7512019230769231 0.0889423076923077 0.15144230769230768
2 0.484375 0.9086538461538461 0.0889423076923077 0.15384615384615385