2 0.359375 0.18028846153846154 0.08413461538461539 0.15865384615384615
2 0.44350961538461536 0.5853365384615384 0.04567307692307692 0.06009615384615385
2 0.09375 0.10096153846153846 0.11778846153846154 0.0985576923076923
2 0.078125 0.19471153846153846 0.11778846153846154 0.0985576923076923
2 0.08413461538461539 0.2956730769230769 0.11778846153846154 0.0985576923076923
2 0.0733173076923077 0.4014423076923077 0.11778846153846154 0.0985576923076923
2 0.08173076923076923 0.4951923076923077 0.11778846153846154 0.0985576923076923
2 0.10817307692307693 0.5769230769230769 0.14903846153846154 0.07692307692307693
2 0.6826923076923077 0.5865384615384616 0.13942307692307693 0.057692307692307696
2 0.671875 0.5264423076923077 0.17307692307692307 0.06971153846153846
2 0.8317307692307693 0.5168269230769231 0.1346153846153846 0.06971153846153846
2 0.8269230769230769 0.5853365384615384 0.16346153846153846 0.06009615384615385
2 0.4014423076923077 0.6838942307692307 0.12980769230769232 0.08413461538461539