2 0.5372596153846154 0.2848557692307692 0.0985576923076923 0.08413461538461539
2 0.43990384615384615 0.2668269230769231 0.1346153846153846 0.1201923076923077
2 0.3317307692307692 0.2608173076923077 0.1346153846153846 0.13221153846153846
2 0.23317307692307693 0.2536057692307692 0.1346153846153846 0.1466346153846154
2 0.056490384615384616 0.22235576923076922 0.11298076923076923 0.15625
2 0.36177884615384615 0.07932692307692307 0.16346153846153846 0.0889423076923077
2 0.4699519230769231 0.5841346153846154 0.08653846153846154 0.1466346153846154
2 0.4074519230769231 0.5637019230769231 0.06971153846153846 0.11778846153846154
2 0.3389423076923077 0.5408653846153846 0.06971153846153846 0.11778846153846154
2 0.02403846153846154 0.47716346153846156 0.04807692307692308 0.14182692307692307
2 0.8581730769230769 0.9435096153846154 0.08173076923076923 0.10817307692307693
2 0.8882211538461539 0.71875 0.08413461538461539 0.1346153846153846
2 0.6430288461538461 0.3918269230769231 0.10817307692307693 0.09615384615384616
2 0.6394230769230769 0.453125 0.10096153846153846 0.12740384615384615
2 0.6322115384615384 0.5288461538461539 0.08653846153846154 0.12980769230769232
2 0.6442307692307693 0.6346153846153846 0.11057692307692307 0.14423076923076922
2 0.6394230769230769 0.7271634615384616 0.10096153846153846 0.11298076923076923
2 0.6358173076923077 0.8100961538461539 0.09375 0.125