2 0.5264423076923077 0.5540865384615384 0.13942307692307693 0.026442307692307692
2 0.515625 0.43990384615384615 0.16346153846153846 0.11778846153846154
2 0.49038461538461536 0.2980769230769231 0.15865384615384615 0.09375
2 0.4495192307692308 0.23557692307692307 0.125 0.055288461538461536
2 0.9375 0.18509615384615385 0.11298076923076923 0.055288461538461536
2 0.9387019230769231 0.06009615384615385 0.11778846153846154 0.057692307692307696
2 0.7896634615384616 0.18629807692307693 0.13701923076923078 0.055288461538461536
2 0.9350961538461539 0.32211538461538464 0.125 0.0673076923076923
2 0.8016826923076923 0.2439903846153846 0.1201923076923077 0.052884615384615384
2 0.7896634615384616 0.39302884615384615 0.15865384615384615 0.06490384615384616
2 0.9507211538461539 0.45913461538461536 0.09375 0.07692307692307693
2 0.9399038461538461 0.5264423076923077 0.11538461538461539 0.07692307692307693
2 0.34134615384615385 0.9002403846153846 0.055288461538461536 0.1346153846153846
2 0.765625 0.7836538461538461 0.055288461538461536 0.15625
2 0.6911057692307693 0.7992788461538461 0.055288461538461536 0.15625
2 0.9086538461538461 0.8016826923076923 0.057692307692307696 0.13942307692307693
2 0.9747596153846154 0.8112980769230769 0.04567307692307692 0.14182692307692307
2 0.6911057692307693 0.6045673076923077 0.06490384615384616 0.06971153846153846
2 0.7632211538461539 0.6081730769230769 0.06490384615384616 0.07692307692307693
2 0.9098557692307693 0.6033653846153846 0.06490384615384616 0.0673076923076923