2 0.37740384615384615 0.140625 0.09375 0.15144230769230768
2 0.0673076923076923 0.12259615384615384 0.1346153846153846 0.22596153846153846
2 0.9627403846153846 0.3317307692307692 0.06971153846153846 0.12980769230769232
2 0.8365384615384616 0.31850961538461536 0.11298076923076923 0.13942307692307693
2 0.796875 0.026442307692307692 0.1466346153846154 0.052884615384615384
2 0.7367788461538461 0.31490384615384615 0.10336538461538461 0.12740384615384615
2 0.5985576923076923 0.296875 0.10576923076923077 0.13942307692307693
2 0.5276442307692307 0.2932692307692308 0.07932692307692307 0.14423076923076922
2 0.021634615384615384 0.7692307692307693 0.04326923076923077 0.13942307692307693
2 0.021634615384615384 0.609375 0.04326923076923077 0.1466346153846154
2 0.6117788461538461 0.9747596153846154 0.13701923076923078 0.04567307692307692