2 0.33052884615384615 0.8293269230769231 0.03125 0.14903846153846154
2 0.28966346153846156 0.8401442307692307 0.0985576923076923 0.18028846153846154
2 0.21754807692307693 0.8689903846153846 0.08653846153846154 0.1346153846153846
2 0.12980769230769232 0.8581730769230769 0.09375 0.16826923076923078
2 0.9567307692307693 0.9555288461538461 0.08173076923076923 0.08413461538461539
2 0.6274038461538461 0.9507211538461539 0.17307692307692307 0.09375
2 0.8882211538461539 0.49399038461538464 0.12740384615384615 0.08173076923076923
2 0.9314903846153846 0.6274038461538461 0.12740384615384615 0.08173076923076923
2 0.9423076923076923 0.7007211538461539 0.11057692307692307 0.08413461538461539
2 0.9447115384615384 0.7584134615384616 0.10576923076923077 0.08413461538461539
2 0.6069711538461539 0.7896634615384616 0.16826923076923078 0.0985576923076923
2 0.4423076923076923 0.8401442307692307 0.12980769230769232 0.0889423076923077
2 0.5612980769230769 0.5168269230769231 0.17307692307692307 0.11298076923076923
2 0.40024038461538464 0.45072115384615385 0.10336538461538461 0.10336538461538461
2 0.5216346153846154 0.4206730769230769 0.12980769230769232 0.04326923076923077
2 0.953125 0.9002403846153846 0.0889423076923077 0.0985576923076923
2 0.9459134615384616 0.8329326923076923 0.10336538461538461 0.09375