2 0.4230769230769231 0.40384615384615385 0.13221153846153846 0.10336538461538461
2 0.4206730769230769 0.46875 0.13942307692307693 0.07692307692307693
2 0.2764423076923077 0.9543269230769231 0.08173076923076923 0.08653846153846154
2 0.2127403846153846 0.9759615384615384 0.06971153846153846 0.04326923076923077
2 0.140625 0.9735576923076923 0.07451923076923077 0.04807692307692308
2 0.06971153846153846 0.9771634615384616 0.07211538461538461 0.040865384615384616
2 0.3112980769230769 0.6466346153846154 0.05048076923076923 0.1346153846153846
2 0.30649038461538464 0.5396634615384616 0.06009615384615385 0.06009615384615385
2 0.2512019230769231 0.6586538461538461 0.0673076923076923 0.13221153846153846
2 0.1778846153846154 0.6814903846153846 0.0673076923076923 0.13221153846153846
2 0.16826923076923078 0.546875 0.0673076923076923 0.07451923076923077
2 0.037259615384615384 0.6923076923076923 0.0673076923076923 0.13221153846153846
2 0.03125 0.5504807692307693 0.0625 0.08173076923076923
2 0.7668269230769231 0.7439903846153846 0.08653846153846154 0.14182692307692307
2 0.8449519230769231 0.7463942307692307 0.08653846153846154 0.14182692307692307
2 0.9146634615384616 0.7427884615384616 0.08653846153846154 0.14182692307692307
2 0.5372596153846154 0.6081730769230769 0.0673076923076923 0.1201923076923077
2 0.4735576923076923 0.5925480769230769 0.0673076923076923 0.1346153846153846
2 0.39903846153846156 0.5997596153846154 0.0673076923076923 0.1346153846153846
2 0.35216346153846156 0.6165865384615384 0.026442307692307692 0.13701923076923078