2 0.8173076923076923 0.4567307692307692 0.10096153846153846 0.18509615384615385
2 0.28725961538461536 0.9879807692307693 0.08413461538461539 0.019230769230769232
2 0.2980769230769231 0.9098557692307693 0.07692307692307693 0.15625
2 0.23317307692307693 0.8990384615384616 0.07932692307692307 0.15144230769230768
2 0.2283653846153846 0.9807692307692307 0.08173076923076923 0.03365384615384615
2 0.1658653846153846 0.8725961538461539 0.07932692307692307 0.15144230769230768
2 0.09014423076923077 0.8713942307692307 0.07932692307692307 0.15144230769230768
2 0.03245192307692308 0.8545673076923077 0.06490384615384616 0.15625
2 0.14302884615384615 0.9723557692307693 0.08413461538461539 0.05048076923076923
2 0.07211538461538461 0.9723557692307693 0.08173076923076923 0.05048076923076923
2 0.021634615384615384 0.9651442307692307 0.04326923076923077 0.06490384615384616