2 0.9675480769230769 0.07211538461538461 0.06009615384615385 0.14423076923076922
2 0.9146634615384616 0.07692307692307693 0.09375 0.14903846153846154
2 0.8425480769230769 0.09014423076923077 0.09375 0.14903846153846154
2 0.7728365384615384 0.09615384615384616 0.09375 0.14903846153846154
2 0.6298076923076923 0.09254807692307693 0.09375 0.14903846153846154
2 0.5576923076923077 0.09495192307692307 0.07692307692307693 0.15144230769230768
2 0.703125 0.5480769230769231 0.0985576923076923 0.09615384615384616
2 0.6826923076923077 0.41586538461538464 0.09375 0.14903846153846154
2 0.7860576923076923 0.5492788461538461 0.09615384615384616 0.09375
2 0.7596153846153846 0.41225961538461536 0.09375 0.14903846153846154
2 0.8293269230769231 0.4170673076923077 0.09375 0.14903846153846154
2 0.9146634615384616 0.5360576923076923 0.0985576923076923 0.1201923076923077
2 0.8942307692307693 0.4110576923076923 0.09375 0.14903846153846154
2 0.9675480769230769 0.5420673076923077 0.06009615384615385 0.10817307692307693
2 0.9579326923076923 0.4206730769230769 0.07932692307692307 0.15384615384615385
2 0.03125 0.6899038461538461 0.0625 0.09615384615384616