2 0.1875 0.11658653846153846 0.08413461538461539 0.12740384615384615
2 0.10576923076923077 0.08413461538461539 0.08413461538461539 0.12740384615384615
2 0.042067307692307696 0.07572115384615384 0.08413461538461539 0.12740384615384615
2 0.20072115384615385 0.35096153846153844 0.0889423076923077 0.028846153846153848
2 0.3918269230769231 0.3317307692307692 0.08653846153846154 0.0673076923076923
2 0.0673076923076923 0.3401442307692308 0.08653846153846154 0.05048076923076923
2 0.1346153846153846 0.3473557692307692 0.08653846153846154 0.036057692307692304
2 0.5420673076923077 0.3389423076923077 0.06971153846153846 0.052884615384615384
2 0.5420673076923077 0.23918269230769232 0.06971153846153846 0.14182692307692307
2 0.2704326923076923 0.3449519230769231 0.08413461538461539 0.040865384615384616
2 0.9230769230769231 0.02403846153846154 0.14903846153846154 0.04807692307692308
2 0.8701923076923077 0.44350961538461536 0.12980769230769232 0.055288461538461536
2 0.8545673076923077 0.5204326923076923 0.18990384615384615 0.0889423076923077