2 0.30408653846153844 0.42908653846153844 0.17307692307692307 0.1658653846153846
2 0.40865384615384615 0.45072115384615385 0.17307692307692307 0.1658653846153846
2 0.4723557692307692 0.4735576923076923 0.0889423076923077 0.16826923076923078
2 0.0625 0.37740384615384615 0.125 0.16826923076923078
2 0.21875 0.4170673076923077 0.17307692307692307 0.1658653846153846
2 0.125 0.4026442307692308 0.17307692307692307 0.1658653846153846
2 0.6081730769230769 0.05048076923076923 0.14423076923076922 0.10096153846153846
2 0.9290865384615384 0.16346153846153846 0.13701923076923078 0.11057692307692307
2 0.5769230769230769 0.3317307692307692 0.11538461538461539 0.11057692307692307
2 0.5625 0.5144230769230769 0.08653846153846154 0.10576923076923077
2 0.1201923076923077 0.8305288461538461 0.1778846153846154 0.10817307692307693
2 0.6670673076923077 0.5973557692307693 0.20432692307692307 0.055288461538461536