2 0.5901442307692307 0.6778846153846154 0.15144230769230768 0.038461538461538464
2 0.5841346153846154 0.6442307692307693 0.16346153846153846 0.10576923076923077
2 0.5817307692307693 0.6105769230769231 0.17067307692307693 0.16826923076923078
2 0.5685096153846154 0.5456730769230769 0.17067307692307693 0.16826923076923078
2 0.5564903846153846 0.4675480769230769 0.17067307692307693 0.16826923076923078
2 0.5456730769230769 0.390625 0.17067307692307693 0.16826923076923078
2 0.28125 0.1971153846153846 0.17067307692307693 0.16826923076923078
2 0.5516826923076923 0.14783653846153846 0.17067307692307693 0.16826923076923078
2 0.2608173076923077 0.14302884615384615 0.17067307692307693 0.16826923076923078
2 0.5384615384615384 0.078125 0.17307692307692307 0.15625
2 0.36177884615384615 0.7932692307692307 0.17067307692307693 0.16826923076923078