2 0.31850961538461536 0.2920673076923077 0.13221153846153846 0.08173076923076923
2 0.17067307692307693 0.33533653846153844 0.11778846153846154 0.07451923076923077
2 0.055288461538461536 0.36538461538461536 0.11057692307692307 0.0673076923076923
2 0.33533653846153844 0.46274038461538464 0.12259615384615384 0.07692307692307693
2 0.5877403846153846 0.008413461538461538 0.10336538461538461 0.016826923076923076
9 0.4254807692307692 0.04927884615384615 0.03365384615384615 0.0985576923076923
2 0.9711538461538461 0.16706730769230768 0.052884615384615384 0.07451923076923077
2 0.4338942307692308 0.20673076923076922 0.05048076923076923 0.08173076923076923
2 0.5348557692307693 0.19951923076923078 0.12740384615384615 0.07451923076923077
2 0.6838942307692307 0.19110576923076922 0.1346153846153846 0.06490384615384616
2 0.8605769230769231 0.18028846153846154 0.12740384615384615 0.06971153846153846
2 0.44591346153846156 0.8497596153846154 0.07451923076923077 0.12740384615384615