2 0.05889423076923077 0.13822115384615385 0.08653846153846154 0.13221153846153846
2 0.09375 0.30649038461538464 0.07211538461538461 0.1201923076923077
2 0.11658653846153846 0.43028846153846156 0.07932692307692307 0.08173076923076923
2 0.14783653846153846 0.5973557692307693 0.10096153846153846 0.13942307692307693
2 0.2127403846153846 0.042067307692307696 0.09375 0.08413461538461539
2 0.2091346153846154 0.47716346153846156 0.10336538461538461 0.14182692307692307
2 0.23677884615384615 0.6298076923076923 0.0889423076923077 0.11538461538461539
2 0.33052884615384615 0.59375 0.09134615384615384 0.1466346153846154
2 0.640625 0.20072115384615385 0.11538461538461539 0.0673076923076923
2 0.35216346153846156 0.9699519230769231 0.11298076923076923 0.055288461538461536
2 0.9783653846153846 0.9254807692307693 0.038461538461538464 0.14423076923076922