2 0.5961538461538461 0.12620192307692307 0.038461538461538464 0.09375
2 0.5348557692307693 0.28365384615384615 0.12740384615384615 0.15384615384615385
2 0.5192307692307693 0.15745192307692307 0.12980769230769232 0.15625
9 0.421875 0.4375 0.14182692307692307 0.09615384615384616
2 0.43149038461538464 0.31490384615384615 0.11057692307692307 0.14903846153846154
2 0.328125 0.43990384615384615 0.10817307692307693 0.09134615384615384
2 0.359375 0.2536057692307692 0.1201923076923077 0.15865384615384615
2 0.9278846153846154 0.0829326923076923 0.11298076923076923 0.15625
2 0.7247596153846154 0.0625 0.12259615384615384 0.125
2 0.41586538461538464 0.8245192307692307 0.15625 0.10576923076923077
2 0.9014423076923077 0.7596153846153846 0.19230769230769232 0.14423076923076922