2 0.1310096153846154 0.4723557692307692 0.0985576923076923 0.10817307692307693
2 0.07211538461538461 0.3473557692307692 0.08173076923076923 0.13221153846153846
2 0.025240384615384616 0.18990384615384615 0.05048076923076923 0.14903846153846154
2 0.75 0.010817307692307692 0.1346153846153846 0.021634615384615384
2 0.6105769230769231 0.03245192307692308 0.13942307692307693 0.06490384615384616
2 0.5084134615384616 0.05889423076923077 0.040865384615384616 0.08413461538461539
2 0.3605769230769231 0.5721153846153846 0.09134615384615384 0.08653846153846154
2 0.38221153846153844 0.6826923076923077 0.08413461538461539 0.1346153846153846
2 0.4050480769230769 0.828125 0.07692307692307693 0.14182692307692307
2 0.4338942307692308 0.9651442307692307 0.08413461538461539 0.06490384615384616
2 0.5168269230769231 0.765625 0.057692307692307696 0.11298076923076923