2 0.38461538461538464 0.3112980769230769 0.20673076923076922 0.12259615384615384
2 0.7211538461538461 0.40384615384615385 0.1875 0.11057692307692307
2 0.9423076923076923 0.43028846153846156 0.11057692307692307 0.25
2 0.3737980769230769 0.4411057692307692 0.22355769230769232 0.12740384615384615
2 0.7019230769230769 0.5324519230769231 0.19230769230769232 0.12259615384615384
2 0.3293269230769231 0.5528846153846154 0.1971153846153846 0.125
2 0.4483173076923077 0.05889423076923077 0.22355769230769232 0.11778846153846154
2 0.6730769230769231 0.6490384615384616 0.20673076923076922 0.11538461538461539
2 0.3137019230769231 0.6862980769230769 0.23317307692307693 0.11778846153846154
2 0.27403846153846156 0.7980769230769231 0.23557692307692307 0.13942307692307693
2 0.07091346153846154 0.8004807692307693 0.12740384615384615 0.2644230769230769
2 0.23798076923076922 0.9206730769230769 0.20192307692307693 0.10576923076923077
2 0.7680288461538461 0.15144230769230768 0.24278846153846154 0.14423076923076922
2 0.42427884615384615 0.19831730769230768 0.25721153846153844 0.13221153846153846