2 0.6490384615384616 0.26322115384615385 0.20673076923076922 0.13701923076923078
2 0.90625 0.3317307692307692 0.18269230769230768 0.1346153846153846
2 0.2620192307692308 0.39663461538461536 0.10576923076923077 0.23557692307692307
2 0.39783653846153844 0.41947115384615385 0.13221153846153846 0.27163461538461536
2 0.5276442307692307 0.4567307692307692 0.11298076923076923 0.23076923076923078
2 0.6502403846153846 0.49158653846153844 0.12259615384615384 0.24278846153846154
2 0.7740384615384616 0.515625 0.10096153846153846 0.2283653846153846
2 0.8870192307692307 0.5456730769230769 0.125 0.23076923076923078
2 0.9771634615384616 0.5697115384615384 0.040865384615384616 0.2403846153846154
2 0.0625 0.6694711538461539 0.10096153846153846 0.23798076923076922
2 0.18028846153846154 0.7415865384615384 0.11057692307692307 0.2620192307692308
2 0.30408653846153844 0.765625 0.12259615384615384 0.22355769230769232
2 0.43509615384615385 0.8209134615384616 0.1201923076923077 0.25240384615384615
2 0.5564903846153846 0.8665865384615384 0.10336538461538461 0.24278846153846154
2 0.6826923076923077 0.8822115384615384 0.08653846153846154 0.23076923076923078
2 0.8125 0.8858173076923077 0.10096153846153846 0.22355769230769232
2 0.3629807692307692 0.203125 0.23557692307692307 0.12259615384615384