2 0.8894230769230769 0.29447115384615385 0.21153846153846154 0.1466346153846154
2 0.18629807692307693 0.30649038461538464 0.19951923076923078 0.13221153846153846
2 0.8533653846153846 0.4266826923076923 0.21153846153846154 0.15144230769230768
2 0.18269230769230768 0.42788461538461536 0.21153846153846154 0.125
2 0.296875 0.055288461538461536 0.24278846153846154 0.11057692307692307
2 0.9242788461538461 0.05889423076923077 0.1466346153846154 0.10817307692307693
8 0.10576923076923077 0.6009615384615384 0.20673076923076922 0.13942307692307693
2 0.5324519230769231 0.7524038461538461 0.2620192307692308 0.15865384615384615
2 0.47596153846153844 0.9134615384615384 0.2403846153846154 0.125
2 0.9098557692307693 0.18028846153846154 0.17548076923076922 0.14423076923076922
3 0.2283653846153846 0.18629807692307693 0.10576923076923077 0.07451923076923077