3 0.16346153846153846 0.30288461538461536 0.10096153846153846 0.08173076923076923
2 0.421875 0.3329326923076923 0.25240384615384615 0.19951923076923078
3 0.16346153846153846 0.4567307692307692 0.09615384615384616 0.08173076923076923
3 0.05889423076923077 0.5048076923076923 0.10817307692307693 0.07692307692307693
2 0.44350961538461536 0.5300480769230769 0.2620192307692308 0.19471153846153846
3 0.6995192307692307 0.7271634615384616 0.09615384615384616 0.06971153846153846
3 0.6598557692307693 0.828125 0.0889423076923077 0.036057692307692304
3 0.6658653846153846 0.8713942307692307 0.09134615384615384 0.03125
3 0.5865384615384616 0.8858173076923077 0.04326923076923077 0.09375
3 0.7151442307692307 0.8894230769230769 0.07932692307692307 0.03365384615384615
3 0.75 0.9266826923076923 0.09615384615384616 0.026442307692307692
2 0.4110576923076923 0.9615384615384616 0.14423076923076922 0.07211538461538461
2 0.10096153846153846 0.16706730769230768 0.09134615384615384 0.0985576923076923