2 0.41225961538461536 0.32091346153846156 0.25240384615384615 0.1466346153846154
3 0.46634615384615385 0.4651442307692308 0.028846153846153848 0.07932692307692307
3 0.44350961538461536 0.47716346153846156 0.026442307692307692 0.0889423076923077
3 0.40865384615384615 0.47596153846153844 0.02403846153846154 0.08173076923076923
3 0.3557692307692308 0.48197115384615385 0.02403846153846154 0.08413461538461539
3 0.38221153846153844 0.48197115384615385 0.02403846153846154 0.08413461538461539
3 0.3245192307692308 0.4891826923076923 0.03365384615384615 0.09375
3 0.28966346153846156 0.4951923076923077 0.026442307692307692 0.08653846153846154
3 0.25841346153846156 0.49759615384615385 0.036057692307692304 0.08173076923076923
3 0.421875 0.578125 0.03125 0.07932692307692307
3 0.3870192307692308 0.5805288461538461 0.02403846153846154 0.07451923076923077
3 0.35697115384615385 0.5853365384615384 0.016826923076923076 0.07932692307692307
3 0.23317307692307693 0.5877403846153846 0.028846153846153848 0.07451923076923077
3 0.3269230769230769 0.5913461538461539 0.03365384615384615 0.08173076923076923
3 0.2608173076923077 0.6009615384615384 0.026442307692307692 0.07211538461538461
3 0.2956730769230769 0.6009615384615384 0.02403846153846154 0.07211538461538461
3 0.3016826923076923 0.6670673076923077 0.06971153846153846 0.05048076923076923
3 0.18028846153846154 0.6766826923076923 0.09615384615384616 0.036057692307692304
3 0.1658653846153846 0.7211538461538461 0.08653846153846154 0.038461538461538464
2 0.09014423076923077 0.078125 0.12740384615384615 0.15625
2 0.22956730769230768 0.828125 0.24278846153846154 0.13701923076923078
2 0.2439903846153846 0.953125 0.2283653846153846 0.0889423076923077
2 0.3161057692307692 0.021634615384615384 0.13221153846153846 0.038461538461538464