2 0.04927884615384615 0.17668269230769232 0.0985576923076923 0.15625
2 0.11298076923076923 0.3173076923076923 0.15865384615384615 0.13942307692307693
2 0.6430288461538461 0.37259615384615385 0.0889423076923077 0.028846153846153848
2 0.21514423076923078 0.41586538461538464 0.0985576923076923 0.052884615384615384
2 0.22115384615384615 0.5096153846153846 0.07692307692307693 0.1346153846153846
2 0.24158653846153846 0.6430288461538461 0.09615384615384616 0.13942307692307693
2 0.25 0.8016826923076923 0.08173076923076923 0.13942307692307693
2 0.25961538461538464 0.9314903846153846 0.08413461538461539 0.12980769230769232
2 0.6225961538461539 0.9266826923076923 0.04807692307692308 0.13221153846153846
2 0.6766826923076923 0.9350961538461539 0.12259615384615384 0.11298076923076923
9 0.7391826923076923 0.9423076923076923 0.15144230769230768 0.11057692307692307
2 0.9086538461538461 0.9615384615384616 0.12980769230769232 0.07211538461538461
2 0.8317307692307693 0.9543269230769231 0.12980769230769232 0.08653846153846154
2 0.9675480769230769 0.9711538461538461 0.06009615384615385 0.052884615384615384