2 0.9747596153846154 0.08653846153846154 0.04567307692307692 0.1201923076923077
2 0.9639423076923077 0.23798076923076922 0.0673076923076923 0.1201923076923077
2 0.8581730769230769 0.3329326923076923 0.14423076923076922 0.026442307692307692
2 0.08413461538461539 0.41586538461538464 0.08653846153846154 0.1346153846153846
2 0.9699519230769231 0.9819711538461539 0.055288461538461536 0.03125
2 0.6598557692307693 0.3629807692307692 0.13221153846153846 0.028846153846153848
2 0.7956730769230769 0.35697115384615385 0.11057692307692307 0.016826923076923076
2 0.9362980769230769 0.35697115384615385 0.12259615384615384 0.016826923076923076
2 0.6298076923076923 0.625 0.07211538461538461 0.1201923076923077
2 0.7043269230769231 0.6322115384615384 0.07211538461538461 0.1201923076923077
2 0.7896634615384616 0.6262019230769231 0.07211538461538461 0.1201923076923077
2 0.8653846153846154 0.6334134615384616 0.07211538461538461 0.1201923076923077
2 0.9435096153846154 0.6310096153846154 0.07692307692307693 0.1346153846153846
2 0.9699519230769231 0.9447115384615384 0.055288461538461536 0.0625
2 0.9795673076923077 0.8774038461538461 0.036057692307692304 0.057692307692307696
2 0.9819711538461539 0.8112980769230769 0.03125 0.06009615384615385
2 0.984375 0.7427884615384616 0.026442307692307692 0.057692307692307696