2 0.6850961538461539 0.10817307692307693 0.02403846153846154 0.15384615384615385
2 0.43028846153846156 0.31971153846153844 0.09134615384615384 0.11538461538461539
2 0.39783653846153844 0.17307692307692307 0.10576923076923077 0.15865384615384615
2 0.14903846153846154 0.010817307692307692 0.12980769230769232 0.021634615384615384
2 0.04567307692307692 0.027644230769230768 0.09134615384615384 0.055288461538461536
2 0.2283653846153846 0.4362980769230769 0.08173076923076923 0.11298076923076923
2 0.1971153846153846 0.9182692307692307 0.11057692307692307 0.12740384615384615
2 0.04807692307692308 0.6983173076923077 0.09615384615384616 0.1466346153846154
2 0.04326923076923077 0.875 0.08653846153846154 0.15384615384615385
5 0.9387019230769231 0.6610576923076923 0.11778846153846154 0.2644230769230769
1 0.9435096153846154 0.47115384615384615 0.10817307692307693 0.18269230769230768