2 0.7439903846153846 0.2848557692307692 0.04567307692307692 0.040865384615384616
2 0.7403846153846154 0.18990384615384615 0.052884615384615384 0.14903846153846154
2 0.7451923076923077 0.06009615384615385 0.04326923076923077 0.1201923076923077
2 0.6911057692307693 0.25240384615384615 0.0889423076923077 0.10576923076923077
2 0.44471153846153844 0.055288461538461536 0.10576923076923077 0.11057692307692307
2 0.2247596153846154 0.27283653846153844 0.125 0.06971153846153846
2 0.09014423076923077 0.265625 0.15144230769230768 0.07932692307692307
2 0.9759615384615384 0.06129807692307692 0.04326923076923077 0.12259615384615384
5 0.5600961538461539 0.47115384615384615 0.1466346153846154 0.1971153846153846
2 0.39663461538461536 0.7151442307692307 0.13942307692307693 0.18990384615384615
2 0.8329326923076923 0.9663461538461539 0.10336538461538461 0.0625
2 0.8233173076923077 0.9182692307692307 0.0889423076923077 0.10576923076923077
2 0.8221153846153846 0.8221153846153846 0.09615384615384616 0.10576923076923077
2 0.8233173076923077 0.7259615384615384 0.10817307692307693 0.10576923076923077
2 0.8125 0.6310096153846154 0.08653846153846154 0.0985576923076923