2 0.0889423076923077 0.4387019230769231 0.1778846153846154 0.0889423076923077
2 0.8798076923076923 0.25841346153846156 0.10576923076923077 0.12980769230769232
2 0.9435096153846154 0.5600961538461539 0.09375 0.1201923076923077
2 0.7932692307692307 0.5588942307692307 0.09615384615384616 0.11778846153846154
2 0.8689903846153846 0.5504807692307693 0.08413461538461539 0.10096153846153846
2 0.7091346153846154 0.5576923076923077 0.09134615384615384 0.11538461538461539
2 0.6346153846153846 0.5649038461538461 0.08653846153846154 0.12980769230769232
2 0.5985576923076923 0.5685096153846154 0.019230769230769232 0.13701923076923078
2 0.8461538461538461 0.9711538461538461 0.08173076923076923 0.052884615384615384
2 0.7716346153846154 0.9699519230769231 0.08173076923076923 0.055288461538461536
2 0.7019230769230769 0.9591346153846154 0.08173076923076923 0.07692307692307693
2 0.6274038461538461 0.953125 0.07692307692307693 0.0889423076923077
2 0.9134615384615384 0.9747596153846154 0.08173076923076923 0.04567307692307692