1 0.4170673076923077 0.3004807692307692 0.18028846153846154 0.10576923076923077
2 0.9086538461538461 0.20552884615384615 0.09134615384615384 0.1201923076923077
2 0.10216346153846154 0.4170673076923077 0.07211538461538461 0.11298076923076923
2 0.13581730769230768 0.5432692307692307 0.09375 0.15144230769230768
2 0.17668269230769232 0.6778846153846154 0.07451923076923077 0.1466346153846154
2 0.2764423076923077 0.9579326923076923 0.09615384615384616 0.07932692307692307
2 0.1814903846153846 0.4483173076923077 0.08653846153846154 0.12980769230769232
2 0.4891826923076923 0.7487980769230769 0.036057692307692304 0.14182692307692307
2 0.4675480769230769 0.5853365384615384 0.07932692307692307 0.15625
2 0.7944711538461539 0.6646634615384616 0.09134615384615384 0.1201923076923077
2 0.8762019230769231 0.6466346153846154 0.09134615384615384 0.14182692307692307
2 0.9254807692307693 0.7932692307692307 0.07932692307692307 0.12259615384615384