2 0.41346153846153844 0.5480769230769231 0.0673076923076923 0.09134615384615384
2 0.24278846153846154 0.48197115384615385 0.11778846153846154 0.07451923076923077
2 0.10817307692307693 0.44471153846153844 0.125 0.08413461538461539
2 0.36658653846153844 0.35216346153846156 0.0985576923076923 0.07932692307692307
2 0.2920673076923077 0.22355769230769232 0.08413461538461539 0.12259615384615384
2 0.2800480769230769 0.08413461538461539 0.08413461538461539 0.12259615384615384
2 0.49399038461538464 0.6105769230769231 0.0889423076923077 0.052884615384615384
2 0.5913461538461539 0.5877403846153846 0.13701923076923078 0.10096153846153846
2 0.4723557692307692 0.5372596153846154 0.04567307692307692 0.08413461538461539
2 0.5 0.4495192307692308 0.10096153846153846 0.09134615384615384
2 0.6430288461538461 0.9242788461538461 0.06490384615384616 0.11538461538461539
2 0.8076923076923077 0.8858173076923077 0.07692307692307693 0.1346153846153846