2 0.35697115384615385 0.0625 0.016826923076923076 0.125
2 0.3401442307692308 0.22355769230769232 0.05048076923076923 0.14903846153846154
2 0.33533653846153844 0.4254807692307692 0.06009615384615385 0.1201923076923077
2 0.1310096153846154 0.15384615384615385 0.14903846153846154 0.08413461538461539
2 0.11538461538461539 0.30288461538461536 0.1346153846153846 0.08653846153846154
2 0.13221153846153846 0.2283653846153846 0.125 0.07451923076923077
2 0.11298076923076923 0.3870192307692308 0.1346153846153846 0.08173076923076923
2 0.09495192307692307 0.453125 0.14182692307692307 0.06490384615384616
2 0.7932692307692307 0.42788461538461536 0.12259615384615384 0.09375
2 0.6346153846153846 0.03365384615384615 0.125 0.0673076923076923
2 0.41346153846153844 0.27283653846153844 0.09134615384615384 0.08413461538461539
9 0.9747596153846154 0.5853365384615384 0.04567307692307692 0.16105769230769232
2 0.9543269230769231 0.7620192307692307 0.08653846153846154 0.13942307692307693
2 0.9158653846153846 0.6057692307692307 0.08173076923076923 0.14182692307692307
2 0.8701923076923077 0.7836538461538461 0.10096153846153846 0.13942307692307693
2 0.8677884615384616 0.9567307692307693 0.11057692307692307 0.08173076923076923
2 0.8064903846153846 0.9326923076923077 0.12740384615384615 0.12980769230769232
2 0.71875 0.7896634615384616 0.11298076923076923 0.11538461538461539