2 0.17668269230769232 0.078125 0.0985576923076923 0.13942307692307693
2 0.171875 0.21875 0.09615384615384616 0.1346153846153846
2 0.171875 0.33413461538461536 0.0985576923076923 0.08653846153846154
2 0.40625 0.014423076923076924 0.14423076923076922 0.028846153846153848
2 0.40625 0.05889423076923077 0.14423076923076922 0.09615384615384616
2 0.4110576923076923 0.13341346153846154 0.15625 0.10336538461538461
2 0.40625 0.22355769230769232 0.14423076923076922 0.10096153846153846
2 0.13822115384615385 0.9519230769230769 0.09375 0.09134615384615384
2 0.20673076923076922 0.6454326923076923 0.10096153846153846 0.12980769230769232
2 0.1814903846153846 0.9651442307692307 0.10336538461538461 0.06490384615384616
2 0.375 0.5264423076923077 0.11778846153846154 0.1466346153846154