2 0.016826923076923076 0.7704326923076923 0.03365384615384615 0.09375
2 0.15985576923076922 0.7223557692307693 0.11538461538461539 0.0673076923076923
2 0.30288461538461536 0.671875 0.12740384615384615 0.08413461538461539
2 0.42788461538461536 0.6430288461538461 0.09615384615384616 0.08413461538461539
2 0.03125 0.5120192307692307 0.0625 0.12980769230769232
2 0.10576923076923077 0.4987980769230769 0.07451923076923077 0.12980769230769232
2 0.17668269230769232 0.4723557692307692 0.0673076923076923 0.1346153846153846
2 0.2512019230769231 0.453125 0.07451923076923077 0.13701923076923078
2 0.3245192307692308 0.43149038461538464 0.07932692307692307 0.14903846153846154
2 0.41346153846153844 0.41346153846153844 0.07932692307692307 0.13701923076923078
2 0.7067307692307693 0.9567307692307693 0.1778846153846154 0.08173076923076923