2 0.28725961538461536 0.328125 0.016826923076923076 0.14182692307692307
2 0.28125 0.18028846153846154 0.028846153846153848 0.14423076923076922
2 0.27524038461538464 0.046875 0.040865384615384616 0.09375
9 0.7007211538461539 0.6334134615384616 0.13701923076923078 0.0625
2 0.5192307692307693 0.07932692307692307 0.07932692307692307 0.13221153846153846
2 0.44591346153846156 0.05889423076923077 0.0889423076923077 0.11778846153846154
2 0.8088942307692307 0.9471153846153846 0.13701923076923078 0.08413461538461539
2 0.640625 0.9074519230769231 0.1201923076923077 0.0673076923076923
2 0.515625 0.8822115384615384 0.08653846153846154 0.07932692307692307
2 0.359375 0.8485576923076923 0.12259615384615384 0.10096153846153846
2 0.9290865384615384 0.7956730769230769 0.13701923076923078 0.09134615384615384
2 0.46875 0.7884615384615384 0.14423076923076922 0.10096153846153846
2 0.33653846153846156 0.7560096153846154 0.07692307692307693 0.08413461538461539
2 0.3629807692307692 0.6935096153846154 0.12980769230769232 0.03125