2 0.1346153846153846 0.515625 0.14423076923076922 0.07692307692307693
2 0.47716346153846156 0.5120192307692307 0.14903846153846154 0.0673076923076923
2 0.14903846153846154 0.44350961538461536 0.13701923076923078 0.07932692307692307
2 0.007211538461538462 0.37259615384615385 0.014423076923076924 0.14423076923076922
2 0.15865384615384615 0.375 0.12740384615384615 0.0673076923076923
2 0.49759615384615385 0.38221153846153844 0.14182692307692307 0.06971153846153846
2 0.17548076923076922 0.31009615384615385 0.13942307692307693 0.06490384615384616
2 0.5096153846153846 0.30408653846153844 0.1346153846153846 0.07211538461538461
2 0.019230769230769232 0.19471153846153846 0.038461538461538464 0.14423076923076922
2 0.21995192307692307 0.1201923076923077 0.14423076923076922 0.07692307692307693
2 0.22956730769230768 0.042067307692307696 0.1466346153846154 0.07211538461538461
2 0.5745192307692307 0.027644230769230768 0.14423076923076922 0.055288461538461536
2 0.09375 0.7391826923076923 0.09375 0.13701923076923078