2 0.4423076923076923 0.5769230769230769 0.08173076923076923 0.038461538461538464
2 0.036057692307692304 0.28846153846153844 0.07211538461538461 0.14903846153846154
2 0.09615384615384616 0.1141826923076923 0.13701923076923078 0.13221153846153846
2 0.8894230769230769 0.051682692307692304 0.10096153846153846 0.09615384615384616
2 0.8076923076923077 0.5745192307692307 0.125 0.04326923076923077
2 0.7463942307692307 0.5216346153846154 0.18509615384615385 0.12980769230769232
2 0.7079326923076923 0.44711538461538464 0.16346153846153846 0.11538461538461539
2 0.6322115384615384 0.30288461538461536 0.14423076923076922 0.11057692307692307
2 0.5997596153846154 0.23317307692307693 0.12259615384615384 0.11538461538461539
2 0.6394230769230769 0.7932692307692307 0.10576923076923077 0.15384615384615385
2 0.59375 0.6538461538461539 0.11057692307692307 0.11057692307692307