2 0.5348557692307693 0.1201923076923077 0.021634615384615384 0.14903846153846154
2 0.4855769230769231 0.027644230769230768 0.10576923076923077 0.055288461538461536
2 0.4807692307692308 0.375 0.12980769230769232 0.10096153846153846
2 0.34975961538461536 0.22596153846153846 0.10576923076923077 0.15144230769230768
2 0.13581730769230768 0.359375 0.09375 0.13221153846153846
2 0.7956730769230769 0.2439903846153846 0.08173076923076923 0.125
2 0.3473557692307692 0.8762019230769231 0.17307692307692307 0.13221153846153846
2 0.04567307692307692 0.9206730769230769 0.09134615384615384 0.15384615384615385
2 0.8365384615384616 0.4639423076923077 0.11057692307692307 0.07211538461538461
2 0.7608173076923077 0.8617788461538461 0.13701923076923078 0.08173076923076923
2 0.6322115384615384 0.8918269230769231 0.14423076923076922 0.08173076923076923