2 0.014423076923076924 0.18870192307692307 0.028846153846153848 0.14182692307692307
2 0.359375 0.17067307692307693 0.07932692307692307 0.1778846153846154
2 0.2932692307692308 0.9747596153846154 0.04807692307692308 0.04567307692307692
2 0.03485576923076923 0.9375 0.06971153846153846 0.04807692307692308
2 0.2956730769230769 0.9074519230769231 0.04326923076923077 0.06009615384615385
2 0.3004807692307692 0.8401442307692307 0.03365384615384615 0.05048076923076923
2 0.038461538461538464 0.8064903846153846 0.07692307692307693 0.05048076923076923
2 0.296875 0.7752403846153846 0.040865384615384616 0.04567307692307692
2 0.039663461538461536 0.7295673076923077 0.07932692307692307 0.055288461538461536
2 0.296875 0.5817307692307693 0.040865384615384616 0.057692307692307696
2 0.3004807692307692 0.5036057692307693 0.03365384615384615 0.05048076923076923
2 0.04447115384615385 0.43509615384615385 0.0889423076923077 0.0673076923076923
2 0.29447115384615385 0.42427884615384615 0.04567307692307692 0.06490384615384616
2 0.040865384615384616 0.3629807692307692 0.08173076923076923 0.052884615384615384
2 0.5420673076923077 0.9663461538461539 0.0985576923076923 0.0625
2 0.43028846153846156 0.8966346153846154 0.10096153846153846 0.14903846153846154
2 0.6778846153846154 0.7019230769230769 0.0985576923076923 0.09375