2 0.8954326923076923 0.039663461538461536 0.10336538461538461 0.07932692307692307
2 0.9519230769230769 0.17427884615384615 0.09134615384615384 0.1466346153846154
2 0.9807692307692307 0.3004807692307692 0.03365384615384615 0.125
2 0.21875 0.9242788461538461 0.15625 0.12259615384615384
2 0.5420673076923077 0.9603365384615384 0.06971153846153846 0.07451923076923077
2 0.6177884615384616 0.4182692307692308 0.07692307692307693 0.10096153846153846
2 0.6754807692307693 0.5504807692307693 0.09134615384615384 0.13221153846153846
2 0.7403846153846154 0.6802884615384616 0.10096153846153846 0.11538461538461539
2 0.8016826923076923 0.8341346153846154 0.10336538461538461 0.14423076923076922
2 0.8569711538461539 0.9483173076923077 0.0985576923076923 0.0985576923076923
2 0.7716346153846154 0.3894230769230769 0.08173076923076923 0.04326923076923077