2 0.5120192307692307 0.08653846153846154 0.0889423076923077 0.12980769230769232
9 0.6177884615384616 0.2764423076923077 0.019230769230769232 0.14903846153846154
2 0.6370192307692307 0.4230769230769231 0.057692307692307696 0.13942307692307693
9 0.6778846153846154 0.01201923076923077 0.10096153846153846 0.02403846153846154
2 0.6947115384615384 0.09134615384615384 0.09375 0.13701923076923078
2 0.7403846153846154 0.2608173076923077 0.07451923076923077 0.10576923076923077
2 0.7644230769230769 0.39302884615384615 0.0673076923076923 0.10336538461538461
2 0.1971153846153846 0.7716346153846154 0.16105769230769232 0.15625
2 0.0985576923076923 0.8605769230769231 0.16105769230769232 0.1658653846153846
2 0.65625 0.5997596153846154 0.09615384615384616 0.0985576923076923
2 0.8701923076923077 0.9855769230769231 0.15384615384615385 0.02403846153846154