2 0.055288461538461536 0.14182692307692307 0.11057692307692307 0.09134615384615384
2 0.04326923076923077 0.29927884615384615 0.08653846153846154 0.0889423076923077
2 0.18389423076923078 0.17668269230769232 0.14182692307692307 0.09375
9 0.19110576923076922 0.3449519230769231 0.17067307692307693 0.11057692307692307
2 0.3269230769230769 0.21754807692307693 0.12980769230769232 0.09134615384615384
2 0.37259615384615385 0.40024038461538464 0.11778846153846154 0.07451923076923077
2 0.47475961538461536 0.26322115384615385 0.13942307692307693 0.10096153846153846
2 0.5288461538461539 0.44471153846153844 0.11538461538461539 0.06971153846153846
2 0.6201923076923077 0.29447115384615385 0.13221153846153846 0.09134615384615384
2 0.7692307692307693 0.18629807692307693 0.11778846153846154 0.15625
2 0.7704326923076923 0.3557692307692308 0.10576923076923077 0.15144230769230768
2 0.7644230769230769 0.484375 0.08173076923076923 0.12259615384615384
2 0.9603365384615384 0.7884615384615384 0.07451923076923077 0.1201923076923077