2 0.7391826923076923 0.2920673076923077 0.12259615384615384 0.06009615384615385
2 0.8774038461538461 0.2920673076923077 0.11057692307692307 0.0625
2 0.9723557692307693 0.2932692307692308 0.05048076923076923 0.0673076923076923
2 0.9747596153846154 0.02283653846153846 0.04567307692307692 0.04567307692307692
2 0.8954326923076923 0.03125 0.07451923076923077 0.0625
2 0.8257211538461539 0.025240384615384616 0.06971153846153846 0.05048076923076923
2 0.7536057692307693 0.036057692307692304 0.07451923076923077 0.07211538461538461
2 0.6153846153846154 0.025240384615384616 0.0625 0.05048076923076923
2 0.5564903846153846 0.021634615384615384 0.055288461538461536 0.04326923076923077
2 0.4963942307692308 0.9807692307692307 0.06009615384615385 0.03365384615384615
2 0.4951923076923077 0.8677884615384616 0.0625 0.1201923076923077