8 0.3870192307692308 0.2283653846153846 0.6009615384615384 0.4567307692307692
2 0.7211538461538461 0.22716346153846154 0.0625 0.0889423076923077
2 0.26322115384615385 0.4831730769230769 0.13701923076923078 0.04807692307692308
2 0.4014423076923077 0.5072115384615384 0.15625 0.09375
2 0.5528846153846154 0.5552884615384616 0.15384615384615385 0.09134615384615384
2 0.43149038461538464 0.65625 0.14423076923076922 0.08413461538461539
2 0.018028846153846152 0.6057692307692307 0.036057692307692304 0.12980769230769232
2 0.6382211538461539 0.7223557692307693 0.0985576923076923 0.07932692307692307
2 0.057692307692307696 0.6298076923076923 0.08413461538461539 0.12740384615384615
2 0.12860576923076922 0.6418269230769231 0.08413461538461539 0.12740384615384615
2 0.1971153846153846 0.6730769230769231 0.08413461538461539 0.1466346153846154
2 0.2644230769230769 0.6983173076923077 0.09375 0.13942307692307693