2 0.26322115384615385 0.4254807692307692 0.0889423076923077 0.11778846153846154
2 0.265625 0.28966346153846156 0.09134615384615384 0.12740384615384615
2 0.2644230769230769 0.1466346153846154 0.09615384615384616 0.14903846153846154
2 0.2644230769230769 0.03245192307692308 0.09615384615384616 0.06490384615384616
2 0.12980769230769232 0.09375 0.08653846153846154 0.13942307692307693
2 0.052884615384615384 0.5288461538461539 0.10576923076923077 0.07692307692307693
2 0.051682692307692304 0.46153846153846156 0.10336538461538461 0.07692307692307693
2 0.056490384615384616 0.390625 0.11298076923076923 0.07932692307692307
2 0.056490384615384616 0.32091346153846156 0.11298076923076923 0.07451923076923077
2 0.054086538461538464 0.24879807692307693 0.10817307692307693 0.08413461538461539
2 0.26802884615384615 0.5372596153846154 0.08653846153846154 0.08413461538461539
2 0.21153846153846154 0.6935096153846154 0.10576923076923077 0.07692307692307693
2 0.9807692307692307 0.7776442307692307 0.03365384615384615 0.17067307692307693