2 0.46875 0.3629807692307692 0.16346153846153846 0.18269230769230768
2 0.7692307692307693 0.03485576923076923 0.13942307692307693 0.06971153846153846
2 0.6237980769230769 0.09975961538461539 0.03125 0.10336538461538461
2 0.5709134615384616 0.5036057692307693 0.06971153846153846 0.0889423076923077
2 0.4543269230769231 0.5480769230769231 0.15384615384615385 0.10096153846153846
2 0.22956730769230768 0.6370192307692307 0.13701923076923078 0.09615384615384616
2 0.16105769230769232 0.9771634615384616 0.11538461538461539 0.040865384615384616
2 0.15504807692307693 0.9350961538461539 0.1201923076923077 0.11778846153846154
2 0.12860576923076922 0.8473557692307693 0.125 0.11538461538461539
2 0.08653846153846154 0.6286057692307693 0.14182692307692307 0.14423076923076922
2 0.9723557692307693 0.8557692307692307 0.05048076923076923 0.07211538461538461
2 0.953125 0.6826923076923077 0.0889423076923077 0.08653846153846154
2 0.8774038461538461 0.9795673076923077 0.16346153846153846 0.036057692307692304
2 0.7836538461538461 0.48677884615384615 0.14423076923076922 0.055288461538461536
2 0.6225961538461539 0.9519230769230769 0.028846153846153848 0.09134615384615384