2 0.3641826923076923 0.08413461538461539 0.07932692307692307 0.11778846153846154
2 0.2608173076923077 0.14302884615384615 0.08413461538461539 0.12980769230769232
2 0.057692307692307696 0.18509615384615385 0.0625 0.12259615384615384
2 0.1346153846153846 0.06490384615384616 0.12259615384615384 0.07451923076923077
2 0.009615384615384616 0.19471153846153846 0.019230769230769232 0.10576923076923077
2 0.19110576923076922 0.17908653846153846 0.0625 0.12259615384615384
2 0.12259615384615384 0.02403846153846154 0.125 0.04807692307692308
2 0.9387019230769231 0.29447115384615385 0.07451923076923077 0.13942307692307693
2 0.02283653846153846 0.4639423076923077 0.04567307692307692 0.09134615384615384
2 0.7079326923076923 0.9831730769230769 0.06971153846153846 0.028846153846153848
2 0.6298076923076923 0.9831730769230769 0.07211538461538461 0.028846153846153848
2 0.6129807692307693 0.8677884615384616 0.0673076923076923 0.12259615384615384