2 0.15985576923076922 0.07932692307692307 0.1346153846153846 0.0673076923076923
2 0.027644230769230768 0.08413461538461539 0.055288461538461536 0.0625
2 0.28966346153846156 0.0733173076923077 0.0985576923076923 0.052884615384615384
2 0.4891826923076923 0.0733173076923077 0.11778846153846154 0.06009615384615385
2 0.65625 0.07572115384615384 0.038461538461538464 0.06490384615384616
2 0.04567307692307692 0.2920673076923077 0.09134615384615384 0.06971153846153846
9 0.18870192307692307 0.28725961538461536 0.12980769230769232 0.0673076923076923
2 0.21875 0.38100961538461536 0.0673076923076923 0.08413461538461539
2 0.23317307692307693 0.5120192307692307 0.06971153846153846 0.1201923076923077
2 0.40024038461538464 0.5997596153846154 0.07211538461538461 0.12740384615384615
2 0.2536057692307692 0.6622596153846154 0.057692307692307696 0.10817307692307693
2 0.41586538461538464 0.7403846153846154 0.0673076923076923 0.1346153846153846
2 0.43149038461538464 0.8774038461538461 0.07932692307692307 0.1346153846153846
2 0.28966346153846156 0.9134615384615384 0.08653846153846154 0.12740384615384615