2 0.4050480769230769 0.5276442307692307 0.08413461538461539 0.036057692307692304
2 0.9074519230769231 0.5360576923076923 0.13221153846153846 0.019230769230769232
2 0.515625 0.5204326923076923 0.13221153846153846 0.05048076923076923
2 0.5276442307692307 0.4543269230769231 0.1346153846153846 0.07211538461538461
2 0.5612980769230769 0.265625 0.0625 0.11538461538461539
2 0.6298076923076923 0.2800480769230769 0.0673076923076923 0.1346153846153846
2 0.7007211538461539 0.27163461538461536 0.052884615384615384 0.10817307692307693
2 0.34975961538461536 0.9459134615384616 0.12740384615384615 0.06490384615384616
2 0.20072115384615385 0.9399038461538461 0.1201923076923077 0.06490384615384616
2 0.055288461538461536 0.9158653846153846 0.11057692307692307 0.07692307692307693
2 0.5625 0.9771634615384616 0.15384615384615385 0.040865384615384616
2 0.5120192307692307 0.7944711538461539 0.125 0.07932692307692307
2 0.4807692307692308 0.6382211538461539 0.0625 0.06971153846153846
2 0.5 0.7151442307692307 0.10096153846153846 0.06971153846153846