1 0.49278846153846156 0.36538461538461536 0.10576923076923077 0.08173076923076923
2 0.6189903846153846 0.15504807692307693 0.17067307692307693 0.08653846153846154
2 0.1875 0.5661057692307693 0.12980769230769232 0.1201923076923077
2 0.2091346153846154 0.6526442307692307 0.08173076923076923 0.0889423076923077
2 0.22716346153846154 0.71875 0.09615384615384616 0.11298076923076923
2 0.22115384615384615 0.8064903846153846 0.10336538461538461 0.10576923076923077
2 0.23557692307692307 0.8954326923076923 0.10817307692307693 0.10096153846153846
2 0.39663461538461536 0.5504807692307693 0.08173076923076923 0.12980769230769232
2 0.4098557692307692 0.6838942307692307 0.055288461538461536 0.1466346153846154
2 0.4206730769230769 0.8221153846153846 0.03365384615384615 0.13942307692307693
2 0.16826923076923078 0.4375 0.09375 0.057692307692307696
2 0.3870192307692308 0.4387019230769231 0.06971153846153846 0.06009615384615385
2 0.46033653846153844 0.96875 0.040865384615384616 0.057692307692307696
2 0.640625 0.9399038461538461 0.06971153846153846 0.11538461538461539
2 0.6105769230769231 0.6610576923076923 0.1201923076923077 0.06009615384615385
2 0.7079326923076923 0.9302884615384616 0.055288461538461536 0.10336538461538461
2 0.7427884615384616 0.6346153846153846 0.10336538461538461 0.06009615384615385
2 0.8665865384615384 0.9206730769230769 0.06490384615384616 0.10096153846153846
2 0.8810096153846154 0.6141826923076923 0.1346153846153846 0.0673076923076923
2 0.9435096153846154 0.9014423076923077 0.04807692307692308 0.11298076923076923
2 0.5084134615384616 0.9495192307692307 0.06971153846153846 0.09615384615384616