2 0.39663461538461536 0.12259615384615384 0.1466346153846154 0.08413461538461539
2 0.3894230769230769 0.20552884615384615 0.1466346153846154 0.08413461538461539
2 0.6213942307692307 0.15384615384615385 0.0625 0.11538461538461539
2 0.6298076923076923 0.03365384615384615 0.07211538461538461 0.0673076923076923
2 0.6189903846153846 0.2692307692307692 0.07211538461538461 0.0985576923076923
2 0.6117788461538461 0.40384615384615385 0.0625 0.13701923076923078
2 0.8305288461538461 0.10576923076923077 0.07451923076923077 0.1346153846153846
2 0.828125 0.38341346153846156 0.07451923076923077 0.11778846153846154
2 0.04326923076923077 0.6322115384615384 0.08653846153846154 0.07211538461538461
2 0.11899038461538461 0.7980769230769231 0.12259615384615384 0.06971153846153846
2 0.27524038461538464 0.7884615384615384 0.12259615384615384 0.07451923076923077
2 0.32211538461538464 0.6201923076923077 0.12740384615384615 0.055288461538461536
2 0.4735576923076923 0.78125 0.02403846153846154 0.07211538461538461