2 0.5228365384615384 0.42908653846153844 0.06490384615384616 0.07451923076923077
2 0.17067307692307693 0.38100961538461536 0.11298076923076923 0.06971153846153846
2 0.30408653846153844 0.3329326923076923 0.13221153846153846 0.08173076923076923
2 0.10096153846153846 0.2608173076923077 0.125 0.07451923076923077
2 0.953125 0.5300480769230769 0.0889423076923077 0.05048076923076923
2 0.03365384615384615 0.8677884615384616 0.0673076923076923 0.11538461538461539
2 0.09975961538461539 0.8521634615384616 0.10096153846153846 0.11538461538461539
2 0.31490384615384615 0.8305288461538461 0.08653846153846154 0.0889423076923077
2 0.18990384615384615 0.8377403846153846 0.11778846153846154 0.11298076923076923
2 0.3918269230769231 0.8028846153846154 0.1201923076923077 0.11538461538461539
2 0.05889423076923077 0.6310096153846154 0.11778846153846154 0.08413461538461539
2 0.31971153846153844 0.5997596153846154 0.13942307692307693 0.08413461538461539
2 0.47836538461538464 0.5829326923076923 0.1346153846153846 0.05048076923076923