2 0.40384615384615385 0.015625 0.09615384615384616 0.03125
2 0.47836538461538464 0.027644230769230768 0.07692307692307693 0.055288461538461536
2 0.5360576923076923 0.0673076923076923 0.10096153846153846 0.1346153846153846
2 0.35096153846153844 0.22596153846153846 0.13221153846153846 0.10096153846153846
2 0.9567307692307693 0.039663461538461536 0.07211538461538461 0.07932692307692307
2 0.46153846153846156 0.5504807692307693 0.125 0.10336538461538461
2 0.4362980769230769 0.6165865384615384 0.13221153846153846 0.11057692307692307
9 0.4026442307692308 0.7019230769230769 0.14903846153846154 0.125
2 0.36899038461538464 0.7788461538461539 0.11298076923076923 0.10336538461538461
2 0.359375 0.8485576923076923 0.125 0.10817307692307693
2 0.29927884615384615 0.9675480769230769 0.12740384615384615 0.06009615384615385
5 0.7620192307692307 0.7487980769230769 0.08653846153846154 0.17307692307692307