2 0.9459134615384616 0.04927884615384615 0.10336538461538461 0.0985576923076923
2 0.8798076923076923 0.05048076923076923 0.10576923076923077 0.10096153846153846
2 0.7800480769230769 0.04807692307692308 0.11778846153846154 0.09615384615384616
2 0.6947115384615384 0.051682692307692304 0.125 0.10336538461538461
2 0.6153846153846154 0.054086538461538464 0.11538461538461539 0.10817307692307693
2 0.8894230769230769 0.2439903846153846 0.14903846153846154 0.0985576923076923
2 0.7163461538461539 0.2620192307692308 0.14903846153846154 0.10096153846153846
2 0.054086538461538464 0.7632211538461539 0.10817307692307693 0.07932692307692307
2 0.20072115384615385 0.7836538461538461 0.12980769230769232 0.07211538461538461
2 0.3425480769230769 0.8052884615384616 0.12740384615384615 0.08173076923076923
2 0.47716346153846156 0.828125 0.1346153846153846 0.08413461538461539
2 0.2800480769230769 0.9759615384615384 0.13221153846153846 0.04326923076923077
2 0.12740384615384615 0.9651442307692307 0.14903846153846154 0.06490384615384616
2 0.41947115384615385 0.9891826923076923 0.13701923076923078 0.016826923076923076