2 0.35697115384615385 0.7067307692307693 0.15144230769230768 0.08173076923076923
2 0.9795673076923077 0.203125 0.036057692307692304 0.11298076923076923
2 0.9759615384615384 0.41947115384615385 0.04326923076923077 0.09375
2 0.9711538461538461 0.2932692307692308 0.052884615384615384 0.12980769230769232
2 0.9543269230769231 0.49759615384615385 0.08653846153846154 0.12980769230769232
2 0.9423076923076923 0.6995192307692307 0.11057692307692307 0.09615384615384616
2 0.8317307692307693 0.03365384615384615 0.08173076923076923 0.0673076923076923
2 0.796875 0.16466346153846154 0.08173076923076923 0.14182692307692307
2 0.765625 0.43990384615384615 0.09134615384615384 0.14182692307692307
2 0.7427884615384616 0.6009615384615384 0.07211538461538461 0.13701923076923078
2 0.7199519230769231 0.7271634615384616 0.08413461538461539 0.040865384615384616