2 0.36899038461538464 0.037259615384615384 0.18509615384615385 0.07451923076923077
5 0.38100961538461536 0.1310096153846154 0.18509615384615385 0.10576923076923077
1 0.23076923076923078 0.3954326923076923 0.25721153846153844 0.1346153846153846
2 0.13221153846153846 0.7355769230769231 0.125 0.09134615384615384
2 0.057692307692307696 0.7283653846153846 0.11538461538461539 0.07692307692307693
2 0.21754807692307693 0.7403846153846154 0.10336538461538461 0.10096153846153846
2 0.2932692307692308 0.7487980769230769 0.125 0.11778846153846154
2 0.39783653846153844 0.7584134615384616 0.11538461538461539 0.125
2 0.4735576923076923 0.7776442307692307 0.10096153846153846 0.1201923076923077
2 0.03365384615384615 0.9050480769230769 0.0673076923076923 0.08413461538461539
2 0.18870192307692307 0.9362980769230769 0.14182692307692307 0.0985576923076923
2 0.30408653846153844 0.9591346153846154 0.0985576923076923 0.07692307692307693
2 0.44471153846153844 0.9639423076923077 0.14903846153846154 0.0673076923076923