1 0.039663461538461536 0.18269230769230768 0.07932692307692307 0.14903846153846154
2 0.5769230769230769 0.0985576923076923 0.12740384615384615 0.11538461538461539
2 0.6057692307692307 0.042067307692307696 0.11538461538461539 0.08413461538461539
2 0.6899038461538461 0.17307692307692307 0.11538461538461539 0.1346153846153846
2 0.7512019230769231 0.12259615384615384 0.10336538461538461 0.11538461538461539
2 0.8137019230769231 0.296875 0.11298076923076923 0.12740384615384615
2 0.8557692307692307 0.07451923076923077 0.0985576923076923 0.11298076923076923
2 0.8798076923076923 0.21153846153846154 0.1201923076923077 0.13942307692307693
2 0.9302884615384616 0.38221153846153844 0.11057692307692307 0.0673076923076923
2 0.9699519230769231 0.35216346153846156 0.055288461538461536 0.12740384615384615
2 0.030048076923076924 0.953125 0.06009615384615385 0.0889423076923077
2 0.1201923076923077 0.8978365384615384 0.08653846153846154 0.13701923076923078
2 0.31850961538461536 0.8245192307692307 0.0673076923076923 0.12740384615384615
2 0.24879807692307693 0.9555288461538461 0.12259615384615384 0.08413461538461539
2 0.265625 0.5432692307692307 0.1201923076923077 0.0673076923076923
2 0.3858173076923077 0.8052884615384616 0.055288461538461536 0.10817307692307693
2 0.39663461538461536 0.5096153846153846 0.10336538461538461 0.06490384615384616
2 0.48677884615384615 0.4807692307692308 0.040865384615384616 0.07692307692307693
2 0.18629807692307693 0.8509615384615384 0.0673076923076923 0.12740384615384615
2 0.2620192307692308 0.9819711538461539 0.125 0.03125
2 0.5348557692307693 0.9663461538461539 0.05048076923076923 0.0625
2 0.5528846153846154 0.8701923076923077 0.08653846153846154 0.12980769230769232
2 0.6310096153846154 0.4831730769230769 0.06490384615384616 0.12980769230769232