2 0.8185096153846154 0.03245192307692308 0.09375 0.06490384615384616
2 0.8112980769230769 0.09375 0.10817307692307693 0.125
9 0.7752403846153846 0.15264423076923078 0.15625 0.14903846153846154
2 0.71875 0.32091346153846156 0.13701923076923078 0.12740384615384615
2 0.7475961538461539 0.2439903846153846 0.13221153846153846 0.12740384615384615
2 0.6862980769230769 0.36658653846153844 0.13221153846153846 0.040865384615384616
2 0.6189903846153846 0.037259615384615384 0.09375 0.07451923076923077
2 0.5600961538461539 0.15264423076923078 0.08653846153846154 0.1466346153846154
2 0.4891826923076923 0.3269230769230769 0.10336538461538461 0.1201923076923077
2 0.08653846153846154 0.4254807692307692 0.11057692307692307 0.07211538461538461
2 0.009615384615384616 0.7403846153846154 0.019230769230769232 0.13942307692307693