2 0.24759615384615385 0.3629807692307692 0.125 0.10576923076923077
9 0.2548076923076923 0.30528846153846156 0.1658653846153846 0.15384615384615385
2 0.2283653846153846 0.13341346153846154 0.1466346153846154 0.13221153846153846
2 0.23798076923076922 0.2127403846153846 0.14182692307692307 0.12980769230769232
2 0.21875 0.052884615384615384 0.13942307692307693 0.10576923076923077
2 0.2091346153846154 0.019230769230769232 0.14903846153846154 0.038461538461538464
2 0.4675480769230769 0.36538461538461536 0.10336538461538461 0.10096153846153846
2 0.453125 0.23076923076923078 0.09615384615384616 0.1466346153846154
2 0.43028846153846156 0.054086538461538464 0.11538461538461539 0.10817307692307693
2 0.8605769230769231 0.06971153846153846 0.1201923076923077 0.13942307692307693
2 0.17307692307692307 0.6670673076923077 0.16346153846153846 0.09615384615384616