2 0.34134615384615385 0.1141826923076923 0.04807692307692308 0.10336538461538461
2 0.3401442307692308 0.04567307692307692 0.05048076923076923 0.09134615384615384
2 0.1658653846153846 0.07572115384615384 0.07932692307692307 0.12980769230769232
2 0.9603365384615384 0.28365384615384615 0.07451923076923077 0.125
2 0.4375 0.2800480769230769 0.1346153846153846 0.13221153846153846
2 0.5192307692307693 0.25841346153846156 0.09375 0.09615384615384616
2 0.5841346153846154 0.2283653846153846 0.12259615384615384 0.11538461538461539
2 0.6706730769230769 0.22235576923076922 0.11538461538461539 0.12259615384615384
2 0.7548076923076923 0.19471153846153846 0.11057692307692307 0.125
2 0.9483173076923077 0.14783653846153846 0.0985576923076923 0.1466346153846154
2 0.41947115384615385 0.0733173076923077 0.10336538461538461 0.12259615384615384
2 0.5300480769230769 0.04567307692307692 0.15144230769230768 0.09134615384615384
2 0.6634615384615384 0.02403846153846154 0.14423076923076922 0.04807692307692308
2 0.1778846153846154 0.47115384615384615 0.18028846153846154 0.18509615384615385
2 0.7043269230769231 0.9663461538461539 0.11057692307692307 0.0625