2 0.08413461538461539 0.3449519230769231 0.1201923076923077 0.07932692307692307
2 0.15384615384615385 0.44591346153846156 0.13221153846153846 0.08173076923076923
2 0.21634615384615385 0.6454326923076923 0.125 0.0625
2 0.0889423076923077 0.5757211538461539 0.07932692307692307 0.12259615384615384
2 0.5012019230769231 0.5949519230769231 0.0625 0.1201923076923077
2 0.23197115384615385 0.7139423076923077 0.10576923076923077 0.05048076923076923
2 0.5288461538461539 0.7259615384615384 0.057692307692307696 0.10336538461538461
2 0.2439903846153846 0.8725961538461539 0.10096153846153846 0.06009615384615385
2 0.546875 0.8641826923076923 0.06009615384615385 0.13701923076923078
2 0.2644230769230769 0.9471153846153846 0.11538461538461539 0.04326923076923077
2 0.1971153846153846 0.5132211538461539 0.125 0.0625
2 0.037259615384615384 0.5901442307692307 0.07451923076923077 0.12740384615384615