2 0.04447115384615385 0.3317307692307692 0.0889423076923077 0.1778846153846154
2 0.02403846153846154 0.5649038461538461 0.04807692307692308 0.0673076923076923
2 0.1814903846153846 0.53125 0.14423076923076922 0.08173076923076923
2 0.3449519230769231 0.5108173076923077 0.15625 0.06490384615384616
2 0.22596153846153846 0.6766826923076923 0.12259615384615384 0.08653846153846154
2 0.36899038461538464 0.6514423076923077 0.13221153846153846 0.08173076923076923
2 0.4735576923076923 0.8173076923076923 0.13942307692307693 0.0889423076923077
2 0.33774038461538464 0.8485576923076923 0.10336538461538461 0.07211538461538461
2 0.6009615384615384 0.7884615384615384 0.07211538461538461 0.09615384615384616
9 0.4362980769230769 0.9699519230769231 0.1466346153846154 0.055288461538461536
7 0.9086538461538461 0.7007211538461539 0.13701923076923078 0.12259615384615384
7 0.8100961538461539 0.5925480769230769 0.14423076923076922 0.11057692307692307