2 0.23798076923076922 0.2980769230769231 0.07692307692307693 0.125
2 0.7403846153846154 0.16826923076923078 0.08173076923076923 0.1875
2 0.07692307692307693 0.890625 0.08653846153846154 0.11778846153846154
2 0.16105769230769232 0.7463942307692307 0.09134615384615384 0.11057692307692307
2 0.2704326923076923 0.5360576923076923 0.10336538461538461 0.13701923076923078
2 0.2824519230769231 0.9771634615384616 0.13701923076923078 0.040865384615384616
2 0.3245192307692308 0.890625 0.12980769230769232 0.09615384615384616
2 0.36899038461538464 0.8341346153846154 0.1346153846153846 0.09375
2 0.421875 0.7259615384615384 0.14903846153846154 0.10576923076923077
2 0.4987980769230769 0.6141826923076923 0.14182692307692307 0.10096153846153846
2 0.5492788461538461 0.5204326923076923 0.11298076923076923 0.03125