4 0.06610576923076923 0.5444711538461539 0.13221153846153846 0.10336538461538461
8 0.33052884615384615 0.390625 0.2980769230769231 0.13942307692307693
2 0.3389423076923077 0.27163461538461536 0.1658653846153846 0.06971153846153846
8 0.21153846153846154 0.16947115384615385 0.4230769230769231 0.15625
2 0.9290865384615384 0.5721153846153846 0.13701923076923078 0.04807692307692308
2 0.7752403846153846 0.5649038461538461 0.13701923076923078 0.0625
2 0.6466346153846154 0.5576923076923077 0.07692307692307693 0.07211538461538461
2 0.7764423076923077 0.3401442307692308 0.13221153846153846 0.06490384615384616
2 0.6418269230769231 0.32572115384615385 0.0673076923076923 0.0889423076923077
2 0.9146634615384616 0.34375 0.12740384615384615 0.07692307692307693
2 0.6382211538461539 0.15504807692307693 0.06009615384615385 0.06971153846153846
2 0.8137019230769231 0.15985576923076922 0.12740384615384615 0.0673076923076923
2 0.9627403846153846 0.16466346153846154 0.06971153846153846 0.06971153846153846
2 0.6550480769230769 0.859375 0.09375 0.0889423076923077