5 0.30408653846153844 0.5637019230769231 0.04567307692307692 0.17548076923076922
2 0.21875 0.6129807692307693 0.10576923076923077 0.16826923076923078
2 0.7524038461538461 0.6899038461538461 0.12980769230769232 0.03365384615384615
2 0.7091346153846154 0.6574519230769231 0.12980769230769232 0.0985576923076923
2 0.6478365384615384 0.609375 0.125 0.10576923076923077
2 0.6045673076923077 0.5480769230769231 0.125 0.10576923076923077
2 0.5480769230769231 0.4543269230769231 0.12740384615384615 0.10817307692307693
2 0.5144230769230769 0.3942307692307692 0.125 0.10576923076923077
2 0.4519230769230769 0.3449519230769231 0.125 0.10576923076923077
2 0.40384615384615385 0.2764423076923077 0.125 0.10576923076923077
2 0.36778846153846156 0.2283653846153846 0.07692307692307693 0.11057692307692307
2 0.1141826923076923 0.7331730769230769 0.08413461538461539 0.04807692307692308