2 0.6370192307692307 0.5240384615384616 0.13942307692307693 0.0625
2 0.7872596153846154 0.47836538461538464 0.11778846153846154 0.08413461538461539
2 0.9411057692307693 0.4050480769230769 0.11298076923076923 0.08653846153846154
2 0.46875 0.3894230769230769 0.08173076923076923 0.1778846153846154
2 0.515625 0.35216346153846156 0.11057692307692307 0.12980769230769232
2 0.5793269230769231 0.33533653846153844 0.09134615384615384 0.125
2 0.6995192307692307 0.265625 0.10096153846153846 0.13221153846153846
2 0.8185096153846154 0.23197115384615385 0.0985576923076923 0.12740384615384615
2 0.8786057692307693 0.19230769230769232 0.0985576923076923 0.12980769230769232
2 0.9675480769230769 0.14783653846153846 0.06009615384615385 0.15144230769230768
2 0.35216346153846156 0.8149038461538461 0.1466346153846154 0.10096153846153846
2 0.7259615384615384 0.6778846153846154 0.15625 0.18269230769230768