2 0.13822115384615385 0.1875 0.14423076923076922 0.18509615384615385
2 0.8774038461538461 0.5168269230769231 0.13701923076923078 0.16105769230769232
2 0.07091346153846154 0.9831730769230769 0.14182692307692307 0.028846153846153848
2 0.4987980769230769 0.9771634615384616 0.15144230769230768 0.040865384615384616
2 0.44350961538461536 0.6646634615384616 0.12740384615384615 0.05048076923076923
2 0.4423076923076923 0.7247596153846154 0.14182692307692307 0.08173076923076923
2 0.4519230769230769 0.7944711538461539 0.14423076923076922 0.09375
2 0.47596153846153844 0.9362980769230769 0.125 0.08173076923076923
2 0.4675480769230769 0.8641826923076923 0.16105769230769232 0.09134615384615384
2 0.7259615384615384 0.6610576923076923 0.08173076923076923 0.04326923076923077
2 0.7704326923076923 0.8665865384615384 0.08413461538461539 0.125