2 0.3401442307692308 0.15264423076923078 0.11057692307692307 0.16105769230769232
2 0.016826923076923076 0.6814903846153846 0.03365384615384615 0.10817307692307693
2 0.08533653846153846 0.7668269230769231 0.1346153846153846 0.0985576923076923
2 0.2439903846153846 0.8425480769230769 0.15625 0.1201923076923077
2 0.038461538461538464 0.9350961538461539 0.07692307692307693 0.11538461538461539
2 0.7103365384615384 0.546875 0.12740384615384615 0.0889423076923077
2 0.8317307692307693 0.6286057692307693 0.1466346153846154 0.10576923076923077
2 0.9435096153846154 0.7139423076923077 0.10817307692307693 0.10096153846153846
2 0.4495192307692308 0.6045673076923077 0.0625 0.12740384615384615
9 0.7944711538461539 0.7379807692307693 0.1778846153846154 0.13701923076923078
2 0.5264423076923077 0.6802884615384616 0.11778846153846154 0.08413461538461539
2 0.6454326923076923 0.7548076923076923 0.1201923076923077 0.08653846153846154
2 0.875 0.8810096153846154 0.14903846153846154 0.11298076923076923