2 0.2956730769230769 0.47836538461538464 0.12980769230769232 0.07692307692307693
2 0.14182692307692307 0.4338942307692308 0.11057692307692307 0.07211538461538461
2 0.016826923076923076 0.3786057692307692 0.03365384615384615 0.07932692307692307
2 0.47716346153846156 0.30649038461538464 0.11298076923076923 0.1658653846153846
2 0.39663461538461536 0.2764423076923077 0.09615384615384616 0.1201923076923077
2 0.3317307692307692 0.265625 0.07692307692307693 0.1201923076923077
2 0.20793269230769232 0.21153846153846154 0.08413461538461539 0.125
2 0.08653846153846154 0.19230769230769232 0.08413461538461539 0.1201923076923077
2 0.03245192307692308 0.15865384615384615 0.06490384615384616 0.125
2 0.7391826923076923 0.08774038461538461 0.1466346153846154 0.17548076923076922
5 0.040865384615384616 0.7451923076923077 0.08173076923076923 0.16826923076923078
2 0.16826923076923078 0.6923076923076923 0.1778846153846154 0.07932692307692307