2 0.2704326923076923 0.014423076923076924 0.11298076923076923 0.028846153846153848
2 0.12139423076923077 0.06971153846153846 0.10336538461538461 0.09134615384615384
2 0.515625 0.08052884615384616 0.040865384615384616 0.13701923076923078
2 0.4855769230769231 0.10576923076923077 0.08173076923076923 0.12980769230769232
2 0.3713942307692308 0.18509615384615385 0.0889423076923077 0.1346153846153846
2 0.2548076923076923 0.22956730769230768 0.0889423076923077 0.12980769230769232
2 0.1971153846153846 0.27524038461538464 0.08653846153846154 0.1346153846153846
2 0.08533653846153846 0.3317307692307692 0.09615384615384616 0.15144230769230768
2 0.3449519230769231 0.6538461538461539 0.09375 0.13221153846153846
2 0.33533653846153844 0.7848557692307693 0.08653846153846154 0.1346153846153846
8 0.7379807692307693 0.5805288461538461 0.30288461538461536 0.19230769230769232
2 0.7524038461538461 0.6983173076923077 0.1658653846153846 0.0985576923076923
8 0.6899038461538461 0.8377403846153846 0.30288461538461536 0.24759615384615385