2 0.06610576923076923 0.31971153846153844 0.10576923076923077 0.08173076923076923
2 0.2283653846153846 0.27163461538461536 0.0985576923076923 0.08413461538461539
2 0.4254807692307692 0.21514423076923078 0.0625 0.0985576923076923
2 0.03125 0.09254807692307693 0.0625 0.13221153846153846
2 0.14302884615384615 0.07932692307692307 0.07932692307692307 0.125
2 0.2091346153846154 0.057692307692307696 0.08173076923076923 0.11538461538461539
2 0.328125 0.04807692307692308 0.0889423076923077 0.09615384615384616
5 0.47596153846153844 0.23317307692307693 0.03365384615384615 0.1778846153846154
1 0.9302884615384616 0.20432692307692307 0.1346153846153846 0.30288461538461536
5 0.21875 0.9146634615384616 0.11538461538461539 0.1658653846153846
2 0.10336538461538461 0.8713942307692307 0.0889423076923077 0.1466346153846154