2 0.0625 0.03485576923076923 0.125 0.06971153846153846
2 0.4495192307692308 0.018028846153846152 0.1346153846153846 0.036057692307692304
2 0.12740384615384615 0.13581730769230768 0.125 0.07692307692307693
2 0.5456730769230769 0.4567307692307692 0.052884615384615384 0.08173076923076923
2 0.6153846153846154 0.4579326923076923 0.08173076923076923 0.07932692307692307
2 0.6887019230769231 0.4411057692307692 0.07932692307692307 0.11298076923076923
2 0.43028846153846156 0.8918269230769231 0.14182692307692307 0.09615384615384616
2 0.6117788461538461 0.8161057692307693 0.09375 0.16105769230769232
2 0.6838942307692307 0.8040865384615384 0.07451923076923077 0.1346153846153846
2 0.9038461538461539 0.7800480769230769 0.0889423076923077 0.1658653846153846
2 0.828125 0.7764423076923077 0.0889423076923077 0.1658653846153846
2 0.6875 0.96875 0.09134615384615384 0.057692307692307696
2 0.7632211538461539 0.9663461538461539 0.09375 0.0625
2 0.8413461538461539 0.9627403846153846 0.09134615384615384 0.06971153846153846
2 0.9122596153846154 0.953125 0.09375 0.0889423076923077