2 0.12740384615384615 0.21033653846153846 0.13701923076923078 0.15144230769230768
2 0.056490384615384616 0.16947115384615385 0.11298076923076923 0.15144230769230768
2 0.1045673076923077 0.6033653846153846 0.1466346153846154 0.10576923076923077
5 0.2692307692307692 0.38100961538461536 0.13221153846153846 0.13701923076923078
2 0.5084134615384616 0.6394230769230769 0.016826923076923076 0.03365384615384615
2 0.7163461538461539 0.45552884615384615 0.0625 0.1201923076923077
2 0.7367788461538461 0.32091346153846156 0.06971153846153846 0.13942307692307693
2 0.8990384615384616 0.3112980769230769 0.07451923076923077 0.13221153846153846
2 0.9086538461538461 0.15745192307692307 0.06971153846153846 0.1346153846153846
2 0.7427884615384616 0.15264423076923078 0.07211538461538461 0.11538461538461539
2 0.9206730769230769 0.038461538461538464 0.07211538461538461 0.07692307692307693
2 0.7692307692307693 0.02403846153846154 0.07211538461538461 0.04807692307692308