2 0.5649038461538461 0.28725961538461536 0.052884615384615384 0.12740384615384615
2 0.6141826923076923 0.28365384615384615 0.11057692307692307 0.125
2 0.6754807692307693 0.17307692307692307 0.14182692307692307 0.1346153846153846
2 0.6911057692307693 0.28365384615384615 0.11538461538461539 0.11057692307692307
2 0.7944711538461539 0.30408653846153844 0.125 0.13701923076923078
2 0.8329326923076923 0.16826923076923078 0.11778846153846154 0.11538461538461539
2 0.8846153846153846 0.3137019230769231 0.0985576923076923 0.11778846153846154
2 0.9579326923076923 0.30528846153846156 0.07932692307692307 0.13942307692307693
2 0.9146634615384616 0.16346153846153846 0.14182692307692307 0.14423076923076922
2 0.22596153846153846 0.9831730769230769 0.13942307692307693 0.028846153846153848
2 0.2127403846153846 0.9134615384615384 0.14182692307692307 0.11057692307692307
2 0.21634615384615385 0.8040865384615384 0.14182692307692307 0.11057692307692307
2 0.21995192307692307 0.7055288461538461 0.14182692307692307 0.11057692307692307
2 0.21153846153846154 0.5192307692307693 0.14182692307692307 0.11057692307692307
2 0.20432692307692307 0.4639423076923077 0.14423076923076922 0.028846153846153848
2 0.027644230769230768 0.8149038461538461 0.055288461538461536 0.15865384615384615
2 0.6346153846153846 0.48677884615384615 0.14423076923076922 0.07451923076923077