2 0.3918269230769231 0.38822115384615385 0.10576923076923077 0.0985576923076923
2 0.5420673076923077 0.41346153846153844 0.0985576923076923 0.04807692307692308
2 0.46153846153846156 0.40384615384615385 0.07692307692307693 0.0673076923076923
2 0.6117788461538461 0.8269230769230769 0.0985576923076923 0.15625
2 0.640625 0.6706730769230769 0.0985576923076923 0.15625
2 0.5300480769230769 0.8137019230769231 0.0985576923076923 0.15625
2 0.5637019230769231 0.6538461538461539 0.0985576923076923 0.15625
2 0.4963942307692308 0.6442307692307693 0.0985576923076923 0.15625
2 0.40384615384615385 0.7620192307692307 0.0985576923076923 0.15625
2 0.43149038461538464 0.625 0.0985576923076923 0.15625
2 0.35697115384615385 0.7632211538461539 0.055288461538461536 0.16105769230769232
2 0.3713942307692308 0.6213942307692307 0.08413461538461539 0.16105769230769232