2 0.4026442307692308 0.027644230769230768 0.0889423076923077 0.055288461538461536
2 0.4987980769230769 0.29447115384615385 0.0985576923076923 0.09375
2 0.4951923076923077 0.3737980769230769 0.09134615384615384 0.07932692307692307
2 0.5144230769230769 0.028846153846153848 0.12980769230769232 0.057692307692307696
2 0.40384615384615385 0.7043269230769231 0.08653846153846154 0.09134615384615384
2 0.40865384615384615 0.7884615384615384 0.07692307692307693 0.09134615384615384
2 0.4050480769230769 0.8497596153846154 0.08413461538461539 0.09375
2 0.4026442307692308 0.9254807692307693 0.0889423076923077 0.09134615384615384
2 0.4014423076923077 0.9747596153846154 0.09134615384615384 0.04567307692307692
2 0.030048076923076924 0.9543269230769231 0.06009615384615385 0.08653846153846154
2 0.03365384615384615 0.9014423076923077 0.0673076923076923 0.09615384615384616
2 0.03485576923076923 0.8197115384615384 0.06971153846153846 0.09134615384615384
2 0.037259615384615384 0.7572115384615384 0.07451923076923077 0.09134615384615384
2 0.039663461538461536 0.6875 0.07932692307692307 0.09134615384615384
2 0.14302884615384615 0.6887019230769231 0.125 0.0889423076923077
2 0.12379807692307693 0.9867788461538461 0.12740384615384615 0.021634615384615384
2 0.11298076923076923 0.9591346153846154 0.12980769230769232 0.07692307692307693
2 0.12139423076923077 0.9002403846153846 0.125 0.0889423076923077
2 0.1310096153846154 0.8209134615384616 0.125 0.0889423076923077
2 0.1310096153846154 0.7536057692307693 0.125 0.0889423076923077
2 0.16105769230769232 0.6358173076923077 0.15384615384615385 0.055288461538461536
2 0.9519230769230769 0.8341346153846154 0.09134615384615384 0.14903846153846154
2 0.65625 0.9423076923076923 0.13942307692307693 0.07451923076923077
2 0.6574519230769231 0.875 0.13221153846153846 0.07692307692307693