2 0.07572115384615384 0.078125 0.15144230769230768 0.15625
2 0.7247596153846154 0.014423076923076924 0.13701923076923078 0.028846153846153848
2 0.7247596153846154 0.12139423076923077 0.15144230769230768 0.07932692307692307
2 0.7271634615384616 0.055288461538461536 0.1466346153846154 0.052884615384615384
2 0.7295673076923077 0.38341346153846156 0.15144230769230768 0.07932692307692307
2 0.7259615384615384 0.31490384615384615 0.12259615384615384 0.07932692307692307
2 0.7175480769230769 0.24639423076923078 0.12740384615384615 0.06009615384615385
2 0.59375 0.27163461538461536 0.09134615384615384 0.0673076923076923
2 0.7115384615384616 0.18028846153846154 0.12740384615384615 0.06009615384615385
2 0.5949519230769231 0.2091346153846154 0.09375 0.0625
2 0.5913461538461539 0.15144230769230768 0.08653846153846154 0.0625
2 0.5961538461538461 0.06971153846153846 0.09615384615384616 0.07211538461538461
2 0.5997596153846154 0.020432692307692308 0.10336538461538461 0.040865384615384616
4 0.16105769230769232 0.5889423076923077 0.18509615384615385 0.15144230769230768
2 0.140625 0.8341346153846154 0.1466346153846154 0.18990384615384615
2 0.8786057692307693 0.5144230769230769 0.13221153846153846 0.0673076923076923