2 0.9747596153846154 0.025240384615384616 0.04567307692307692 0.05048076923076923
2 0.9759615384615384 0.14423076923076922 0.04326923076923077 0.09615384615384616
2 0.9807692307692307 0.20673076923076922 0.03365384615384615 0.09615384615384616
2 0.6995192307692307 0.025240384615384616 0.08173076923076923 0.05048076923076923
2 0.7211538461538461 0.12860576923076922 0.07932692307692307 0.15625
2 0.7451923076923077 0.3954326923076923 0.08173076923076923 0.12259615384615384
2 0.6826923076923077 0.4014423076923077 0.08173076923076923 0.11057692307692307
2 0.6153846153846154 0.4098557692307692 0.08173076923076923 0.09375
2 0.5396634615384616 0.4326923076923077 0.08413461538461539 0.04807692307692308
2 0.46634615384615385 0.42788461538461536 0.08173076923076923 0.057692307692307696
2 0.39783653846153844 0.4375 0.08413461538461539 0.038461538461538464
2 0.359375 0.19831730769230768 0.07932692307692307 0.15625
2 0.4338942307692308 0.1778846153846154 0.07932692307692307 0.15625
2 0.5072115384615384 0.16105769230769232 0.07932692307692307 0.15625
2 0.5733173076923077 0.15144230769230768 0.07932692307692307 0.15625
2 0.6430288461538461 0.13822115384615385 0.07932692307692307 0.15625
2 0.6298076923076923 0.030048076923076924 0.08173076923076923 0.06009615384615385
2 0.5600961538461539 0.038461538461538464 0.08173076923076923 0.07692307692307693
2 0.4879807692307692 0.04567307692307692 0.08173076923076923 0.09134615384615384
2 0.4206730769230769 0.052884615384615384 0.08653846153846154 0.10576923076923077
2 0.35336538461538464 0.0625 0.0673076923076923 0.125
2 0.9471153846153846 0.6875 0.08413461538461539 0.1346153846153846