0 0.4951923076923077 0.19110576923076922 0.10336538461538461 0.15625
2 0.5504807692307693 0.34615384615384615 0.11538461538461539 0.15865384615384615
2 0.02283653846153846 0.5516826923076923 0.04567307692307692 0.14182692307692307
2 0.07932692307692307 0.5432692307692307 0.08413461538461539 0.13942307692307693
2 0.15625 0.5492788461538461 0.08413461538461539 0.13942307692307693
2 0.28966346153846156 0.5252403846153846 0.0985576923076923 0.17307692307692307
2 0.19831730769230768 0.515625 0.08413461538461539 0.13942307692307693
2 0.35216346153846156 0.5144230769230769 0.0985576923076923 0.17307692307692307
2 0.4230769230769231 0.5024038461538461 0.09615384615384616 0.14903846153846154
2 0.49158653846153844 0.49038461538461536 0.0985576923076923 0.125
2 0.13221153846153846 0.8713942307692307 0.15865384615384615 0.0985576923076923
2 0.2860576923076923 0.84375 0.15865384615384615 0.0985576923076923
2 0.5625 0.8076923076923077 0.14903846153846154 0.10096153846153846
2 0.5697115384615384 0.8677884615384616 0.1346153846153846 0.10096153846153846
2 0.5793269230769231 0.9375 0.11538461538461539 0.10096153846153846
2 0.3161057692307692 0.96875 0.16105769230769232 0.057692307692307696
2 0.3004807692307692 0.921875 0.15865384615384615 0.0985576923076923
2 0.14423076923076922 0.9423076923076923 0.15865384615384615 0.0985576923076923
2 0.16346153846153846 0.9795673076923077 0.15865384615384615 0.036057692307692304