2 0.28725961538461536 0.15264423076923078 0.18028846153846154 0.13221153846153846
2 0.6069711538461539 0.08052884615384616 0.125 0.07451923076923077
2 0.046875 0.6165865384615384 0.07932692307692307 0.15865384615384615
2 0.17548076923076922 0.796875 0.07932692307692307 0.15865384615384615
2 0.1778846153846154 0.6370192307692307 0.07211538461538461 0.11538461538461539
2 0.2620192307692308 0.8016826923076923 0.07932692307692307 0.15865384615384615
2 0.2608173076923077 0.6334134615384616 0.07932692307692307 0.15865384615384615
2 0.3269230769230769 0.6358173076923077 0.07211538461538461 0.1346153846153846
2 0.36538461538461536 0.6454326923076923 0.02403846153846154 0.13701923076923078
2 0.36538461538461536 0.8064903846153846 0.02403846153846154 0.13701923076923078
2 0.6322115384615384 0.6550480769230769 0.13701923076923078 0.055288461538461536
2 0.6370192307692307 0.5396634615384616 0.13942307692307693 0.021634615384615384