2 0.025240384615384616 0.042067307692307696 0.05048076923076923 0.08413461538461539
2 0.06129807692307692 0.6478365384615384 0.12259615384615384 0.07451923076923077
2 0.38461538461538464 0.4579326923076923 0.13701923076923078 0.07211538461538461
2 0.3870192307692308 0.41346153846153844 0.13942307692307693 0.028846153846153848
2 0.4026442307692308 0.6887019230769231 0.13701923076923078 0.07211538461538461
2 0.3942307692307692 0.7512019230769231 0.13701923076923078 0.07211538461538461
2 0.4026442307692308 0.8257211538461539 0.16826923076923078 0.07211538461538461
2 0.41586538461538464 0.9567307692307693 0.13701923076923078 0.07451923076923077
2 0.5889423076923077 0.8197115384615384 0.07692307692307693 0.07692307692307693
2 0.703125 0.9290865384615384 0.1466346153846154 0.0985576923076923
2 0.7596153846153846 0.7824519230769231 0.13701923076923078 0.0625
2 0.9314903846153846 0.7896634615384616 0.13221153846153846 0.0889423076923077