2 0.6899038461538461 0.06610576923076923 0.1346153846153846 0.10576923076923077
2 0.9783653846153846 0.11298076923076923 0.038461538461538464 0.13942307692307693
2 0.6862980769230769 0.16466346153846154 0.12259615384615384 0.09615384615384616
2 0.6923076923076923 0.30408653846153844 0.1346153846153846 0.0985576923076923
2 0.6887019230769231 0.36778846153846156 0.13701923076923078 0.057692307692307696
2 0.04567307692307692 0.42908653846153844 0.09134615384615384 0.06009615384615385
2 0.04567307692307692 0.4987980769230769 0.09134615384615384 0.0889423076923077
2 0.04927884615384615 0.5757211538461539 0.0985576923076923 0.08413461538461539
2 0.04807692307692308 0.6430288461538461 0.09615384615384616 0.0889423076923077
2 0.04807692307692308 0.7175480769230769 0.09615384615384616 0.0889423076923077
2 0.35096153846153844 0.5444711538461539 0.07211538461538461 0.08413461538461539
2 0.3473557692307692 0.4675480769230769 0.07932692307692307 0.08413461538461539
2 0.3473557692307692 0.41947115384615385 0.07932692307692307 0.040865384615384616
2 0.5769230769230769 0.9699519230769231 0.16346153846153846 0.055288461538461536