2 0.29927884615384615 0.12980769230769232 0.20673076923076922 0.17548076923076922
2 0.4855769230769231 0.5096153846153846 0.03365384615384615 0.08653846153846154
2 0.9242788461538461 0.5408653846153846 0.1466346153846154 0.028846153846153848
2 0.7728365384615384 0.5456730769230769 0.15625 0.019230769230769232
2 0.7596153846153846 0.5084134615384616 0.15625 0.0889423076923077
2 0.921875 0.5084134615384616 0.15625 0.0889423076923077
2 0.9122596153846154 0.4375 0.15625 0.0889423076923077
2 0.765625 0.4326923076923077 0.15625 0.0889423076923077
2 0.7475961538461539 0.359375 0.15625 0.0889423076923077
2 0.9098557692307693 0.3629807692307692 0.15625 0.0889423076923077
2 0.8882211538461539 0.28966346153846156 0.15625 0.0889423076923077
2 0.7199519230769231 0.296875 0.15625 0.0889423076923077
2 0.7127403846153846 0.2127403846153846 0.15625 0.0889423076923077
2 0.8701923076923077 0.2091346153846154 0.15625 0.0889423076923077