2 0.2956730769230769 0.6394230769230769 0.10096153846153846 0.1346153846153846
2 0.3762019230769231 0.6466346153846154 0.08413461538461539 0.1201923076923077
2 0.22115384615384615 0.6394230769230769 0.08173076923076923 0.12980769230769232
9 0.07451923076923077 0.33653846153846156 0.13701923076923078 0.09375
2 0.9675480769230769 0.4230769230769231 0.06009615384615385 0.1875
2 0.018028846153846152 0.7884615384615384 0.036057692307692304 0.15865384615384615
2 0.07091346153846154 0.8028846153846154 0.13701923076923078 0.16826923076923078
2 0.1658653846153846 0.8197115384615384 0.13701923076923078 0.16826923076923078
2 0.34975961538461536 0.8401442307692307 0.13701923076923078 0.16826923076923078
2 0.44711538461538464 0.8461538461538461 0.13701923076923078 0.16826923076923078
2 0.7584134615384616 0.9230769230769231 0.1658653846153846 0.14903846153846154
2 0.8605769230769231 0.9314903846153846 0.16346153846153846 0.13221153846153846
2 0.9423076923076923 0.9387019230769231 0.11057692307692307 0.11778846153846154
2 0.5528846153846154 0.8930288461538461 0.04807692307692308 0.17548076923076922
2 0.6754807692307693 0.9146634615384616 0.16346153846153846 0.1658653846153846
2 0.5985576923076923 0.8990384615384616 0.13942307692307693 0.17307692307692307