2 0.5132211538461539 0.0673076923076923 0.11778846153846154 0.1346153846153846
2 0.42908653846153844 0.06129807692307692 0.11778846153846154 0.12259615384615384
2 0.5300480769230769 0.2512019230769231 0.11778846153846154 0.13942307692307693
2 0.47596153846153844 0.2127403846153846 0.11778846153846154 0.13942307692307693
2 0.41346153846153844 0.20072115384615385 0.11778846153846154 0.13942307692307693
2 0.3894230769230769 0.16947115384615385 0.10096153846153846 0.14182692307692307
2 0.3798076923076923 0.31850961538461536 0.08173076923076923 0.14182692307692307
2 0.38822115384615385 0.48677884615384615 0.0985576923076923 0.12740384615384615
2 0.36538461538461536 0.43028846153846156 0.052884615384615384 0.1201923076923077
2 0.8449519230769231 0.042067307692307696 0.15144230769230768 0.08413461538461539
2 0.9723557692307693 0.15745192307692307 0.05048076923076923 0.10817307692307693
2 0.8786057692307693 0.16947115384615385 0.14182692307692307 0.0985576923076923
2 0.890625 0.2283653846153846 0.14182692307692307 0.0985576923076923
2 0.9795673076923077 0.3125 0.036057692307692304 0.10096153846153846
2 0.9302884615384616 0.42788461538461536 0.1346153846153846 0.10096153846153846
2 0.9158653846153846 0.3581730769230769 0.14182692307692307 0.0985576923076923
2 0.9050480769230769 0.29086538461538464 0.1466346153846154 0.09134615384615384
2 0.8341346153846154 0.5108173076923077 0.11057692307692307 0.13221153846153846