2 0.8137019230769231 0.6430288461538461 0.13701923076923078 0.06490384615384616
2 0.8293269230769231 0.5865384615384616 0.1346153846153846 0.07692307692307693
2 0.8377403846153846 0.5096153846153846 0.1346153846153846 0.07692307692307693
2 0.8305288461538461 0.4326923076923077 0.1346153846153846 0.07692307692307693
2 0.8521634615384616 0.2980769230769231 0.17067307692307693 0.08653846153846154
2 0.8617788461538461 0.3870192307692308 0.1346153846153846 0.07692307692307693
2 0.8629807692307693 0.23317307692307693 0.17067307692307693 0.08653846153846154
2 0.8774038461538461 0.15985576923076922 0.15625 0.08413461538461539
2 0.9026442307692307 0.0889423076923077 0.15625 0.08413461538461539
2 0.9807692307692307 0.09014423076923077 0.03365384615384615 0.0985576923076923
2 0.9855769230769231 0.21995192307692307 0.02403846153846154 0.0889423076923077
2 0.10576923076923077 0.9567307692307693 0.09615384615384616 0.08173076923076923