2 0.17307692307692307 0.171875 0.16346153846153846 0.0889423076923077
2 0.36899038461538464 0.5757211538461539 0.15625 0.040865384615384616
2 0.6706730769230769 0.037259615384615384 0.14423076923076922 0.07451923076923077
2 0.6646634615384616 0.11057692307692307 0.13221153846153846 0.08653846153846154
2 0.65625 0.17908653846153846 0.11538461538461539 0.08413461538461539
2 0.6478365384615384 0.25 0.0985576923076923 0.08653846153846154
2 0.6394230769230769 0.3269230769230769 0.08173076923076923 0.08653846153846154
2 0.6346153846153846 0.39302884615384615 0.07211538461538461 0.08413461538461539
2 0.6225961538461539 0.4579326923076923 0.04807692307692308 0.08413461538461539
2 0.8209134615384616 0.01201923076923077 0.16105769230769232 0.02403846153846154
2 0.8112980769230769 0.056490384615384616 0.15865384615384615 0.07692307692307693
2 0.7980769230769231 0.1310096153846154 0.15865384615384615 0.07692307692307693
2 0.7860576923076923 0.20192307692307693 0.15865384615384615 0.07692307692307693
2 0.7728365384615384 0.2644230769230769 0.15865384615384615 0.08173076923076923
2 0.7572115384615384 0.3485576923076923 0.15865384615384615 0.07692307692307693
2 0.7331730769230769 0.4050480769230769 0.15865384615384615 0.07692307692307693
2 0.7151442307692307 0.47836538461538464 0.15865384615384615 0.08173076923076923