2 0.037259615384615384 0.8762019230769231 0.07451923076923077 0.13701923076923078
2 0.8870192307692307 0.33533653846153844 0.12980769230769232 0.0625
2 0.6442307692307693 0.31850961538461536 0.12980769230769232 0.0673076923076923
2 0.3942307692307692 0.5925480769230769 0.052884615384615384 0.12740384615384615
2 0.4423076923076923 0.5985576923076923 0.11298076923076923 0.125
2 0.5120192307692307 0.7103365384615384 0.14423076923076922 0.13701923076923078
2 0.5192307692307693 0.6021634615384616 0.11778846153846154 0.11057692307692307
2 0.6213942307692307 0.5853365384615384 0.12980769230769232 0.13701923076923078
2 0.6682692307692307 0.7235576923076923 0.1201923076923077 0.11538461538461539
2 0.7115384615384616 0.5805288461538461 0.10096153846153846 0.11778846153846154
2 0.7992788461538461 0.59375 0.11057692307692307 0.13701923076923078
2 0.75 0.7319711538461539 0.1466346153846154 0.1466346153846154
2 0.9122596153846154 0.7548076923076923 0.12259615384615384 0.13701923076923078