2 0.40865384615384615 0.47716346153846156 0.0889423076923077 0.1466346153846154
2 0.5444711538461539 0.0733173076923077 0.05048076923076923 0.13221153846153846
2 0.5925480769230769 0.5228365384615384 0.14423076923076922 0.11538461538461539
2 0.9723557692307693 0.6382211538461539 0.05048076923076923 0.07932692307692307
2 0.921875 0.6586538461538461 0.07932692307692307 0.1201923076923077
2 0.84375 0.6550480769230769 0.08173076923076923 0.11298076923076923
2 0.7788461538461539 0.6622596153846154 0.08173076923076923 0.12740384615384615
2 0.7163461538461539 0.6826923076923077 0.07932692307692307 0.1346153846153846
2 0.6334134615384616 0.6959134615384616 0.07932692307692307 0.1346153846153846
2 0.5649038461538461 0.7331730769230769 0.07932692307692307 0.1346153846153846
2 0.9050480769230769 0.9483173076923077 0.08413461538461539 0.0985576923076923
2 0.9675480769230769 0.9543269230769231 0.06009615384615385 0.08653846153846154