2 0.8197115384615384 0.3425480769230769 0.09134615384615384 0.12740384615384615
2 0.7932692307692307 0.15745192307692307 0.10096153846153846 0.12980769230769232
2 0.609375 0.8665865384615384 0.12980769230769232 0.09615384615384616
2 0.5913461538461539 0.734375 0.16346153846153846 0.10096153846153846
2 0.3016826923076923 0.5348557692307693 0.13701923076923078 0.10336538461538461
2 0.04927884615384615 0.45072115384615385 0.0985576923076923 0.08413461538461539
2 0.5504807692307693 0.6225961538461539 0.125 0.09615384615384616
2 0.5276442307692307 0.4795673076923077 0.125 0.09615384615384616
2 0.5180288461538461 0.4326923076923077 0.12740384615384615 0.04807692307692308
2 0.8305288461538461 0.9242788461538461 0.13221153846153846 0.11538461538461539
2 0.7872596153846154 0.5997596153846154 0.11778846153846154 0.10817307692307693
2 0.9230769230769231 0.4375 0.14903846153846154 0.057692307692307696
2 0.7644230769230769 0.42788461538461536 0.07211538461538461 0.038461538461538464