2 0.9326923076923077 0.9591346153846154 0.12980769230769232 0.07692307692307693
2 0.9387019230769231 0.890625 0.11778846153846154 0.0889423076923077
2 0.9579326923076923 0.8233173076923077 0.07932692307692307 0.06971153846153846
2 0.9555288461538461 0.6790865384615384 0.08413461538461539 0.06971153846153846
2 0.9783653846153846 0.5396634615384616 0.038461538461538464 0.06971153846153846
2 0.7019230769230769 0.4230769230769231 0.16826923076923078 0.07692307692307693
2 0.5360576923076923 0.4074519230769231 0.1346153846153846 0.055288461538461536
2 0.6502403846153846 0.7019230769230769 0.17067307692307693 0.09134615384615384
2 0.4495192307692308 0.8052884615384616 0.17067307692307693 0.09134615384615384
2 0.609375 0.8317307692307693 0.125 0.07692307692307693
2 0.43149038461538464 0.890625 0.17067307692307693 0.09134615384615384
2 0.5973557692307693 0.9146634615384616 0.17067307692307693 0.09134615384615384
2 0.5829326923076923 0.96875 0.1466346153846154 0.057692307692307696
2 0.40625 0.9879807692307693 0.14903846153846154 0.019230769230769232