2 0.3293269230769231 0.039663461538461536 0.07211538461538461 0.06971153846153846
2 0.20552884615384615 0.10697115384615384 0.1658653846153846 0.0673076923076923
2 0.33653846153846156 0.17908653846153846 0.057692307692307696 0.07932692307692307
2 0.18990384615384615 0.38822115384615385 0.13701923076923078 0.07692307692307693
2 0.32091346153846156 0.38341346153846156 0.0889423076923077 0.07932692307692307
2 0.31009615384615385 0.4411057692307692 0.11057692307692307 0.055288461538461536
2 0.3245192307692308 0.3125 0.08173076923076923 0.08173076923076923
2 0.32211538461538464 0.24519230769230768 0.08653846153846154 0.08173076923076923
2 0.8786057692307693 0.3112980769230769 0.11057692307692307 0.13942307692307693
2 0.33533653846153844 0.9735576923076923 0.06009615384615385 0.04807692307692308
2 0.33052884615384615 0.6802884615384616 0.06971153846153846 0.14423076923076922