2 0.40865384615384615 0.0829326923076923 0.1658653846153846 0.09375
2 0.5324519230769231 0.17307692307692307 0.10817307692307693 0.09615384615384616
2 0.4170673076923077 0.27524038461538464 0.16346153846153846 0.09134615384615384
2 0.4375 0.34134615384615385 0.15144230769230768 0.08173076923076923
2 0.453125 0.4074519230769231 0.15144230769230768 0.08173076923076923
2 0.1466346153846154 0.46153846153846156 0.15384615384615385 0.04807692307692308
2 0.03245192307692308 0.18990384615384615 0.06490384615384616 0.08173076923076923
2 0.039663461538461536 0.3137019230769231 0.07932692307692307 0.08413461538461539
2 0.1466346153846154 0.14543269230769232 0.15144230769230768 0.08173076923076923
2 0.028846153846153848 0.06009615384615385 0.057692307692307696 0.09615384615384616
2 0.12860576923076922 0.09375 0.13221153846153846 0.07692307692307693
2 0.06129807692307692 0.9747596153846154 0.12259615384615384 0.04567307692307692