2 0.7283653846153846 0.26322115384615385 0.09375 0.1346153846153846
2 0.8605769230769231 0.25841346153846156 0.0985576923076923 0.1658653846153846
2 0.9615384615384616 0.22716346153846154 0.07211538461538461 0.13221153846153846
2 0.7572115384615384 0.5637019230769231 0.08653846153846154 0.13221153846153846
2 0.6009615384615384 0.5625 0.08653846153846154 0.13221153846153846
2 0.8004807692307693 0.7103365384615384 0.08653846153846154 0.13221153846153846
2 0.7283653846153846 0.7103365384615384 0.08653846153846154 0.13221153846153846
2 0.6574519230769231 0.7355769230769231 0.10336538461538461 0.16826923076923078
2 0.5949519230769231 0.75 0.08653846153846154 0.13221153846153846
2 0.5180288461538461 0.7367788461538461 0.08653846153846154 0.13221153846153846
2 0.4831730769230769 0.7692307692307693 0.028846153846153848 0.17307692307692307
2 0.5360576923076923 0.5805288461538461 0.08653846153846154 0.13221153846153846
2 0.48677884615384615 0.5793269230769231 0.036057692307692304 0.1346153846153846