2 0.24639423076923078 0.17548076923076922 0.1466346153846154 0.10096153846153846
2 0.9699519230769231 0.41947115384615385 0.055288461538461536 0.13221153846153846
2 0.9855769230769231 0.2692307692307692 0.02403846153846154 0.14903846153846154
2 0.9387019230769231 0.2692307692307692 0.08413461538461539 0.14423076923076922
2 0.8461538461538461 0.26322115384615385 0.08413461538461539 0.14423076923076922
2 0.7776442307692307 0.27884615384615385 0.08413461538461539 0.14423076923076922
2 0.7043269230769231 0.26802884615384615 0.08413461538461539 0.14423076923076922
2 0.6262019230769231 0.2644230769230769 0.08413461538461539 0.14423076923076922
2 0.5516826923076923 0.26322115384615385 0.08413461538461539 0.14423076923076922
2 0.47115384615384615 0.25841346153846156 0.04326923076923077 0.1466346153846154
2 0.46274038461538464 0.4026442307692308 0.026442307692307692 0.1466346153846154
2 0.5012019230769231 0.41947115384615385 0.08413461538461539 0.13221153846153846
2 0.5685096153846154 0.41466346153846156 0.08413461538461539 0.14182692307692307
2 0.6358173076923077 0.41225961538461536 0.08413461538461539 0.14423076923076922
2 0.7127403846153846 0.41466346153846156 0.08413461538461539 0.14182692307692307
2 0.7872596153846154 0.421875 0.0889423076923077 0.12740384615384615
2 0.8497596153846154 0.4170673076923077 0.0889423076923077 0.13701923076923078
2 0.921875 0.41947115384615385 0.0889423076923077 0.13221153846153846
2 0.9399038461538461 0.8641826923076923 0.11538461538461539 0.09375
2 0.7788461538461539 0.8533653846153846 0.12740384615384615 0.08173076923076923
2 0.4951923076923077 0.5528846153846154 0.09134615384615384 0.08653846153846154
2 0.48197115384615385 0.9026442307692307 0.06490384615384616 0.08413461538461539