2 0.41225961538461536 0.5192307692307693 0.06971153846153846 0.09615384615384616
2 0.49399038461538464 0.5480769230769231 0.0889423076923077 0.038461538461538464
2 0.5096153846153846 0.4891826923076923 0.1201923076923077 0.0985576923076923
2 0.5120192307692307 0.4206730769230769 0.125 0.10096153846153846
2 0.5288461538461539 0.3485576923076923 0.15144230769230768 0.0985576923076923
2 0.5552884615384616 0.27403846153846156 0.15144230769230768 0.0985576923076923
2 0.5769230769230769 0.19951923076923078 0.15144230769230768 0.0985576923076923
2 0.6117788461538461 0.10096153846153846 0.15144230769230768 0.0985576923076923
2 0.5144230769230769 0.016826923076923076 0.12980769230769232 0.03365384615384615
2 0.5012019230769231 0.06370192307692307 0.10336538461538461 0.0985576923076923
2 0.4795673076923077 0.12740384615384615 0.06009615384615385 0.10096153846153846
2 0.47475961538461536 0.19471153846153846 0.05048076923076923 0.10096153846153846
2 0.4675480769230769 0.2620192307692308 0.036057692307692304 0.10096153846153846
2 0.7019230769230769 0.9314903846153846 0.18269230769230768 0.13221153846153846