2 0.7704326923076923 0.0889423076923077 0.08413461538461539 0.11057692307692307
2 0.875 0.36658653846153844 0.14903846153846154 0.0985576923076923
2 0.9651442307692307 0.38461538461538464 0.06490384615384616 0.0625
2 0.14903846153846154 0.4362980769230769 0.10096153846153846 0.036057692307692304
2 0.22115384615384615 0.44591346153846156 0.10096153846153846 0.055288461538461536
2 0.2956730769230769 0.4579326923076923 0.10096153846153846 0.07932692307692307
2 0.36538461538461536 0.4675480769230769 0.10096153846153846 0.0985576923076923
2 0.4338942307692308 0.47716346153846156 0.0985576923076923 0.11778846153846154
2 0.4891826923076923 0.48677884615384615 0.055288461538461536 0.13701923076923078
2 0.015625 0.4891826923076923 0.03125 0.14182692307692307
2 0.054086538461538464 0.5024038461538461 0.09375 0.15625
2 0.12139423076923077 0.515625 0.09375 0.15625
2 0.19110576923076922 0.5420673076923077 0.09375 0.15625
2 0.2644230769230769 0.5649038461538461 0.09375 0.15625
2 0.3329326923076923 0.5877403846153846 0.09375 0.15625
2 0.3954326923076923 0.6045673076923077 0.0985576923076923 0.15625
2 0.4735576923076923 0.6298076923076923 0.08653846153846154 0.15865384615384615
2 0.5036057692307693 0.6334134615384616 0.026442307692307692 0.16105769230769232
2 0.015625 0.8329326923076923 0.03125 0.16105769230769232
2 0.05889423076923077 0.8569711538461539 0.0985576923076923 0.15625
2 0.03485576923076923 0.96875 0.06971153846153846 0.057692307692307696
2 0.09014423076923077 0.96875 0.0985576923076923 0.057692307692307696
2 0.12259615384615384 0.8822115384615384 0.0985576923076923 0.15625
2 0.1875 0.8954326923076923 0.0985576923076923 0.15625
2 0.25961538461538464 0.9146634615384616 0.0985576923076923 0.15625
2 0.3293269230769231 0.9350961538461539 0.10096153846153846 0.125
2 0.4014423076923077 0.9423076923076923 0.10096153846153846 0.11057692307692307
2 0.46634615384615385 0.9435096153846154 0.10096153846153846 0.10817307692307693
2 0.7860576923076923 0.9146634615384616 0.11057692307692307 0.1658653846153846
2 0.8581730769230769 0.9350961538461539 0.08653846153846154 0.125
2 0.9771634615384616 0.953125 0.040865384615384616 0.0889423076923077
2 0.5552884615384616 0.9447115384615384 0.07211538461538461 0.10576923076923077