2 0.052884615384615384 0.4567307692307692 0.06490384615384616 0.11298076923076923
2 0.29927884615384615 0.5925480769230769 0.036057692307692304 0.10817307692307693
2 0.30528846153846156 0.45913461538461536 0.02403846153846154 0.14423076923076922
2 0.25 0.59375 0.0673076923076923 0.10576923076923077
2 0.2644230769230769 0.44711538461538464 0.06490384615384616 0.14423076923076922
2 0.18509615384615385 0.59375 0.0673076923076923 0.10576923076923077
2 0.19951923076923078 0.4651442307692308 0.06490384615384616 0.14423076923076922
2 0.11298076923076923 0.5841346153846154 0.08653846153846154 0.125
2 0.12379807692307693 0.43509615384615385 0.06490384615384616 0.13701923076923078
2 0.2848557692307692 0.13581730769230768 0.06490384615384616 0.15625
2 0.15144230769230768 0.12740384615384615 0.0625 0.1201923076923077
2 0.07932692307692307 0.12139423076923077 0.0625 0.1201923076923077
2 0.5637019230769231 0.6165865384615384 0.14182692307692307 0.06009615384615385
2 0.5961538461538461 0.5865384615384616 0.13942307692307693 0.09375
2 0.6141826923076923 0.49038461538461536 0.13942307692307693 0.09615384615384616
2 0.6117788461538461 0.3894230769230769 0.1466346153846154 0.12259615384615384
2 0.6262019230769231 0.28125 0.1466346153846154 0.12259615384615384
2 0.640625 0.18389423076923078 0.1466346153846154 0.12259615384615384
2 0.6538461538461539 0.030048076923076924 0.14903846153846154 0.06009615384615385
2 0.42908653846153844 0.2764423076923077 0.07932692307692307 0.16105769230769232