2 0.3954326923076923 0.040865384615384616 0.040865384615384616 0.08173076923076923
2 0.36899038461538464 0.3088942307692308 0.09375 0.10336538461538461
2 0.37259615384615385 0.24278846153846154 0.08653846153846154 0.10576923076923077
2 0.38221153846153844 0.17427884615384615 0.0673076923076923 0.10336538461538461
2 0.34375 0.5384615384615384 0.14423076923076922 0.10096153846153846
2 0.34134615384615385 0.6021634615384616 0.14423076923076922 0.10096153846153846
2 0.32211538461538464 0.6766826923076923 0.17548076923076922 0.10817307692307693
2 0.10817307692307693 0.6526442307692307 0.1466346153846154 0.10576923076923077
2 0.9567307692307693 0.0829326923076923 0.08173076923076923 0.15625
2 0.8918269230769231 0.06129807692307692 0.07692307692307693 0.12259615384615384
2 0.8257211538461539 0.052884615384615384 0.07451923076923077 0.10576923076923077