2 0.17668269230769232 0.016826923076923076 0.16105769230769232 0.03365384615384615
2 0.28966346153846156 0.039663461538461536 0.055288461538461536 0.07932692307692307
2 0.2283653846153846 0.2668269230769231 0.16826923076923078 0.10576923076923077
2 0.23557692307692307 0.41586538461538464 0.15144230769230768 0.08653846153846154
2 0.6141826923076923 0.5757211538461539 0.10096153846153846 0.15144230769230768
2 0.3942307692307692 0.6105769230769231 0.10576923076923077 0.11057692307692307
2 0.4723557692307692 0.6057692307692307 0.10336538461538461 0.1201923076923077
2 0.7271634615384616 0.9447115384615384 0.12740384615384615 0.10576923076923077
2 0.9603365384615384 0.9122596153846154 0.07451923076923077 0.15625
2 0.8942307692307693 0.9254807692307693 0.12980769230769232 0.14423076923076922
2 0.8052884615384616 0.9362980769230769 0.12980769230769232 0.12259615384615384