2 0.016826923076923076 0.021634615384615384 0.03365384615384615 0.04326923076923077
2 0.055288461538461536 0.4230769230769231 0.0889423076923077 0.1658653846153846
2 0.19230769230769232 0.43990384615384615 0.08173076923076923 0.15144230769230768
2 0.2439903846153846 0.2956730769230769 0.1466346153846154 0.10817307692307693
2 0.2800480769230769 0.028846153846153848 0.0889423076923077 0.057692307692307696
2 0.3641826923076923 0.028846153846153848 0.08413461538461539 0.057692307692307696
2 0.4891826923076923 0.43509615384615385 0.07932692307692307 0.16105769230769232
2 0.6394230769230769 0.4495192307692308 0.0625 0.1466346153846154
2 0.7608173076923077 0.23076923076923078 0.1346153846153846 0.08653846153846154
2 0.7668269230769231 0.3629807692307692 0.1346153846153846 0.08653846153846154
2 0.9110576923076923 0.3701923076923077 0.1346153846153846 0.08653846153846154
2 0.9206730769230769 0.43990384615384615 0.1346153846153846 0.08653846153846154
2 0.921875 0.5132211538461539 0.14423076923076922 0.09134615384615384
2 0.47716346153846156 0.65625 0.13701923076923078 0.11538461538461539
2 0.625 0.7704326923076923 0.10096153846153846 0.12740384615384615
2 0.6526442307692307 0.8725961538461539 0.04567307692307692 0.16346153846153846
2 0.6995192307692307 0.9230769230769231 0.04326923076923077 0.0673076923076923