2 0.038461538461538464 0.6899038461538461 0.07692307692307693 0.10576923076923077
2 0.027644230769230768 0.6129807692307693 0.055288461538461536 0.10576923076923077
2 0.021634615384615384 0.5432692307692307 0.04326923076923077 0.10576923076923077
2 0.18269230769230768 0.8870192307692307 0.125 0.08173076923076923
2 0.2127403846153846 0.9447115384615384 0.13942307692307693 0.08413461538461539
2 0.22235576923076922 0.9867788461538461 0.14182692307692307 0.021634615384615384
2 0.42788461538461536 0.5492788461538461 0.038461538461538464 0.08413461538461539
2 0.5396634615384616 0.40625 0.09375 0.03365384615384615
2 0.7800480769230769 0.6189903846153846 0.0985576923076923 0.15144230769230768
2 0.4963942307692308 0.7776442307692307 0.09375 0.0985576923076923
2 0.5300480769230769 0.9651442307692307 0.10336538461538461 0.06490384615384616
2 0.8882211538461539 0.9819711538461539 0.0985576923076923 0.03125