2 0.5300480769230769 0.3762019230769231 0.03125 0.0985576923076923
2 0.2403846153846154 0.38221153846153844 0.1346153846153846 0.09615384615384616
2 0.5216346153846154 0.08173076923076923 0.04807692307692308 0.09615384615384616
2 0.8317307692307693 0.9867788461538461 0.15384615384615385 0.021634615384615384
2 0.9495192307692307 0.8545673076923077 0.09615384615384616 0.09375
2 0.828125 0.8822115384615384 0.13942307692307693 0.08413461538461539
2 0.953125 0.7764423076923077 0.0889423076923077 0.08653846153846154
2 0.8269230769230769 0.8233173076923077 0.13942307692307693 0.08413461538461539
2 0.9375 0.7091346153846154 0.1201923076923077 0.08653846153846154
2 0.9483173076923077 0.6466346153846154 0.0985576923076923 0.08653846153846154
2 0.9483173076923077 0.5889423076923077 0.0985576923076923 0.08653846153846154
2 0.8185096153846154 0.6262019230769231 0.13942307692307693 0.08413461538461539
2 0.8173076923076923 0.6971153846153846 0.13942307692307693 0.08413461538461539
2 0.8245192307692307 0.7620192307692307 0.1466346153846154 0.07692307692307693
2 0.6935096153846154 0.5793269230769231 0.0985576923076923 0.1201923076923077