2 0.11298076923076923 0.25240384615384615 0.1346153846153846 0.09134615384615384
2 0.08413461538461539 0.19831730769230768 0.14903846153846154 0.0985576923076923
2 0.078125 0.12620192307692307 0.14903846153846154 0.0985576923076923
2 0.08052884615384616 0.055288461538461536 0.14903846153846154 0.0985576923076923
2 0.4495192307692308 0.7644230769230769 0.09615384615384616 0.16346153846153846
2 0.4411057692307692 0.6081730769230769 0.10817307692307693 0.16105769230769232
2 0.4014423076923077 0.3713942307692308 0.11057692307692307 0.08413461538461539
2 0.3389423076923077 0.38100961538461536 0.11057692307692307 0.10336538461538461
2 0.2692307692307692 0.390625 0.11057692307692307 0.12259615384615384
2 0.1875 0.3870192307692308 0.11057692307692307 0.11538461538461539
2 0.11899038461538461 0.40865384615384615 0.10817307692307693 0.15865384615384615
2 0.052884615384615384 0.4206730769230769 0.10576923076923077 0.16346153846153846
2 0.013221153846153846 0.43990384615384615 0.026442307692307692 0.16346153846153846
2 0.08052884615384616 0.71875 0.10817307692307693 0.16105769230769232
2 0.15504807692307693 0.7007211538461539 0.10817307692307693 0.16105769230769232
2 0.22956730769230768 0.6814903846153846 0.10817307692307693 0.16105769230769232
2 0.2956730769230769 0.6574519230769231 0.10817307692307693 0.16105769230769232
2 0.3641826923076923 0.6358173076923077 0.10817307692307693 0.16105769230769232
2 0.3870192307692308 0.7884615384615384 0.10817307692307693 0.16105769230769232
2 0.3173076923076923 0.8064903846153846 0.10817307692307693 0.16105769230769232
2 0.24759615384615385 0.828125 0.10817307692307693 0.16105769230769232
2 0.1778846153846154 0.8485576923076923 0.11298076923076923 0.16346153846153846
2 0.09975961538461539 0.8677884615384616 0.11298076923076923 0.16346153846153846
2 0.9459134615384616 0.8894230769230769 0.10336538461538461 0.11538461538461539
2 0.7908653846153846 0.8762019230769231 0.14903846153846154 0.12980769230769232
2 0.6382211538461539 0.875 0.15625 0.12259615384615384
2 0.5204326923076923 0.8557692307692307 0.040865384615384616 0.11538461538461539