2 0.3389423076923077 0.056490384615384616 0.16346153846153846 0.08413461538461539
2 0.9711538461538461 0.3088942307692308 0.052884615384615384 0.14182692307692307
2 0.8377403846153846 0.34134615384615385 0.10817307692307693 0.12980769230769232
2 0.6802884615384616 0.33413461538461536 0.1201923076923077 0.14423076923076922
2 0.515625 0.34134615384615385 0.12259615384615384 0.12980769230769232
2 0.8954326923076923 0.055288461538461536 0.12259615384615384 0.11057692307692307
2 0.7103365384615384 0.057692307692307696 0.12259615384615384 0.11538461538461539
2 0.5853365384615384 0.07091346153846154 0.12259615384615384 0.14182692307692307
2 0.49759615384615385 0.0625 0.11538461538461539 0.125
2 0.4639423076923077 0.07091346153846154 0.04807692307692308 0.14182692307692307
2 0.30408653846153844 0.7055288461538461 0.14903846153846154 0.14423076923076922
2 0.3293269230769231 0.6117788461538461 0.17067307692307693 0.13942307692307693
2 0.09014423076923077 0.5300480769230769 0.07932692307692307 0.1346153846153846
2 0.013221153846153846 0.4891826923076923 0.026442307692307692 0.12740384615384615
2 0.6165865384615384 0.6574519230769231 0.15144230769230768 0.0889423076923077
2 0.8954326923076923 0.4338942307692308 0.15144230769230768 0.05048076923076923
2 0.46634615384615385 0.4519230769230769 0.052884615384615384 0.08653846153846154