2 0.31490384615384615 0.265625 0.13221153846153846 0.07932692307692307
2 0.4567307692307692 0.27403846153846156 0.10096153846153846 0.0625
2 0.47115384615384615 0.2283653846153846 0.07211538461538461 0.08173076923076923
2 0.46274038461538464 0.15144230769230768 0.0889423076923077 0.08173076923076923
2 0.46875 0.07091346153846154 0.07692307692307693 0.0985576923076923
2 0.33052884615384615 0.1971153846153846 0.13221153846153846 0.07932692307692307
2 0.3269230769230769 0.1201923076923077 0.1346153846153846 0.08413461538461539
2 0.32091346153846156 0.055288461538461536 0.12740384615384615 0.07211538461538461
2 0.35336538461538464 0.01201923076923077 0.12980769230769232 0.02403846153846154
2 0.6201923076923077 0.12980769230769232 0.12980769230769232 0.09134615384615384
2 0.6875 0.828125 0.09134615384615384 0.13221153846153846