2 0.6057692307692307 0.08653846153846154 0.08173076923076923 0.12740384615384615
2 0.5721153846153846 0.30528846153846156 0.0625 0.1201923076923077
2 0.0625 0.38100961538461536 0.125 0.026442307692307692
2 0.0625 0.42788461538461536 0.125 0.08173076923076923
2 0.057692307692307696 0.49759615384615385 0.11538461538461539 0.08173076923076923
2 0.054086538461538464 0.5673076923076923 0.10817307692307693 0.08173076923076923
2 0.04447115384615385 0.6370192307692307 0.0889423076923077 0.08173076923076923
2 0.054086538461538464 0.7067307692307693 0.10817307692307693 0.09134615384615384
2 0.038461538461538464 0.7740384615384616 0.07692307692307693 0.08653846153846154
2 0.03485576923076923 0.8401442307692307 0.06971153846153846 0.0889423076923077
2 0.040865384615384616 0.9206730769230769 0.08173076923076923 0.08653846153846154
2 0.5384615384615384 0.7007211538461539 0.06971153846153846 0.12740384615384615