2 0.22115384615384615 0.5637019230769231 0.08413461538461539 0.14182692307692307
2 0.29927884615384615 0.5552884615384616 0.08413461538461539 0.14182692307692307
2 0.375 0.5492788461538461 0.08653846153846154 0.14182692307692307
2 0.42908653846153844 0.5492788461538461 0.08413461538461539 0.14182692307692307
2 0.47475961538461536 0.5504807692307693 0.021634615384615384 0.14423076923076922
2 0.3942307692307692 0.9194711538461539 0.08413461538461539 0.14182692307692307
2 0.32211538461538464 0.9278846153846154 0.08653846153846154 0.13942307692307693
2 0.25721153846153844 0.9194711538461539 0.08413461538461539 0.14182692307692307
2 0.19471153846153846 0.9206730769230769 0.08413461538461539 0.14182692307692307
2 0.109375 0.9278846153846154 0.08413461538461539 0.14182692307692307
2 0.009615384615384616 0.9266826923076923 0.019230769230769232 0.14182692307692307
2 0.026442307692307692 0.5697115384615384 0.052884615384615384 0.14423076923076922
2 0.10817307692307693 0.5637019230769231 0.08413461538461539 0.14182692307692307