2 0.49759615384615385 0.2091346153846154 0.038461538461538464 0.09134615384615384
2 0.051682692307692304 0.9134615384615384 0.10336538461538461 0.08173076923076923
2 0.04927884615384615 0.8473557692307693 0.0985576923076923 0.07451923076923077
2 0.054086538461538464 0.7752403846153846 0.10817307692307693 0.07451923076923077
2 0.06490384615384616 0.7199519230769231 0.12980769230769232 0.07932692307692307
2 0.4026442307692308 0.9747596153846154 0.0889423076923077 0.04567307692307692
2 0.4423076923076923 0.7223557692307693 0.06490384615384616 0.13701923076923078
2 0.29447115384615385 0.7259615384615384 0.07932692307692307 0.13942307692307693
2 0.3269230769230769 0.5745192307692307 0.08413461538461539 0.16346153846153846
2 0.06610576923076923 0.5120192307692307 0.0985576923076923 0.06971153846153846
2 0.09254807692307693 0.43509615384615385 0.12740384615384615 0.07451923076923077
2 0.11298076923076923 0.36177884615384615 0.14423076923076922 0.06971153846153846
2 0.11899038461538461 0.31971153846153844 0.14182692307692307 0.02403846153846154
2 0.36177884615384615 0.3401442307692308 0.07932692307692307 0.06490384615384616
2 0.45072115384615385 0.5949519230769231 0.05048076923076923 0.13701923076923078
2 0.5997596153846154 0.8689903846153846 0.08653846153846154 0.14182692307692307
2 0.7439903846153846 0.8894230769230769 0.08653846153846154 0.14182692307692307
2 0.8653846153846154 0.9867788461538461 0.08173076923076923 0.021634615384615384
2 0.9471153846153846 0.9254807692307693 0.06971153846153846 0.14903846153846154
2 0.8713942307692307 0.9002403846153846 0.0673076923076923 0.13942307692307693
2 0.9038461538461539 0.6370192307692307 0.0673076923076923 0.13942307692307693
2 0.6394230769230769 0.5685096153846154 0.06490384615384616 0.13701923076923078
2 0.5060096153846154 0.5721153846153846 0.055288461538461536 0.13942307692307693
2 0.5240384615384616 0.4206730769230769 0.08413461538461539 0.16346153846153846
2 0.65625 0.4411057692307692 0.06490384615384616 0.13701923076923078
2 0.7235576923076923 0.43990384615384615 0.06490384615384616 0.13701923076923078
2 0.7860576923076923 0.47836538461538464 0.06490384615384616 0.13701923076923078
2 0.8545673076923077 0.47716346153846156 0.06971153846153846 0.15144230769230768
2 0.9771634615384616 0.4831730769230769 0.040865384615384616 0.15384615384615385
2 0.9278846153846154 0.4963942307692308 0.06971153846153846 0.15144230769230768