2 0.06971153846153846 0.33533653846153844 0.13942307692307693 0.09375
2 0.051682692307692304 0.2403846153846154 0.10336538461538461 0.09615384615384616
2 0.421875 0.6466346153846154 0.05048076923076923 0.14423076923076922
2 0.43028846153846156 0.7920673076923077 0.03365384615384615 0.14182692307692307
2 0.3713942307692308 0.6466346153846154 0.08653846153846154 0.14182692307692307
2 0.29447115384615385 0.6358173076923077 0.08653846153846154 0.14182692307692307
2 0.31490384615384615 0.8004807692307693 0.08653846153846154 0.14182692307692307
2 0.15504807692307693 0.6490384615384616 0.08653846153846154 0.14182692307692307
2 0.17548076923076922 0.8161057692307693 0.08653846153846154 0.14182692307692307
2 0.08173076923076923 0.6682692307692307 0.08653846153846154 0.14182692307692307
2 0.04447115384615385 0.8341346153846154 0.0889423076923077 0.17307692307692307
2 0.03485576923076923 0.671875 0.06971153846153846 0.14182692307692307