2 0.18629807692307693 0.7247596153846154 0.18269230769230768 0.11057692307692307
2 0.9663461538461539 0.8088942307692307 0.0625 0.07932692307692307
2 0.9675480769230769 0.953125 0.06009615384615385 0.0889423076923077
2 0.8605769230769231 0.9098557692307693 0.17067307692307693 0.09615384615384616
2 0.8798076923076923 0.7800480769230769 0.14182692307692307 0.07692307692307693
2 0.8786057692307693 0.7127403846153846 0.14182692307692307 0.07692307692307693
2 0.9170673076923077 0.6550480769230769 0.14182692307692307 0.07692307692307693
2 0.9158653846153846 0.5853365384615384 0.15625 0.08173076923076923
2 0.9302884615384616 0.3329326923076923 0.1346153846153846 0.05048076923076923
2 0.9278846153846154 0.3858173076923077 0.13942307692307693 0.08413461538461539
2 0.9194711538461539 0.4483173076923077 0.15625 0.08413461538461539
2 0.9266826923076923 0.5144230769230769 0.14182692307692307 0.08653846153846154
2 0.7163461538461539 0.5949519230769231 0.03365384615384615 0.08413461538461539
2 0.7223557692307693 0.39302884615384615 0.04567307692307692 0.08413461538461539