2 0.5817307692307693 0.1045673076923077 0.04807692307692308 0.12259615384615384
2 0.5576923076923077 0.057692307692307696 0.09615384615384616 0.11538461538461539
2 0.5276442307692307 0.03485576923076923 0.12740384615384615 0.06971153846153846
2 0.5612980769230769 0.30408653846153844 0.0889423076923077 0.10336538461538461
2 0.5444711538461539 0.26322115384615385 0.12259615384615384 0.12740384615384615
2 0.4963942307692308 0.2283653846153846 0.125 0.125
2 0.4495192307692308 0.18389423076923078 0.125 0.125
2 0.4098557692307692 0.13581730769230768 0.125 0.125
2 0.3581730769230769 0.09014423076923077 0.125 0.125
2 0.3112980769230769 0.055288461538461536 0.12740384615384615 0.11057692307692307
2 0.26802884615384615 0.030048076923076924 0.12740384615384615 0.06009615384615385
2 0.43028846153846156 0.3401442307692308 0.11057692307692307 0.03125
2 0.3786057692307692 0.3173076923076923 0.11298076923076923 0.07692307692307693
2 0.33774038461538464 0.3016826923076923 0.11298076923076923 0.10817307692307693
2 0.28725961538461536 0.25841346153846156 0.11057692307692307 0.1201923076923077
2 0.24519230769230768 0.22235576923076922 0.11057692307692307 0.1201923076923077
2 0.20192307692307693 0.17668269230769232 0.11057692307692307 0.1201923076923077
2 0.14302884615384615 0.13341346153846154 0.11057692307692307 0.1201923076923077
2 0.09735576923076923 0.09735576923076923 0.11057692307692307 0.1201923076923077
2 0.9290865384615384 0.18389423076923078 0.13701923076923078 0.0889423076923077
2 0.7548076923076923 0.17668269230769232 0.15625 0.07932692307692307
2 0.4987980769230769 0.9435096153846154 0.07932692307692307 0.10817307692307693
2 0.5528846153846154 0.9495192307692307 0.057692307692307696 0.09615384615384616