2 0.42788461538461536 0.35336538461538464 0.07692307692307693 0.14423076923076922
2 0.35336538461538464 0.3317307692307692 0.0889423076923077 0.14903846153846154
2 0.22596153846153846 0.15745192307692307 0.0889423076923077 0.14903846153846154
2 0.21394230769230768 0.30528846153846156 0.07932692307692307 0.13942307692307693
2 0.14783653846153846 0.14182692307692307 0.07932692307692307 0.13942307692307693
2 0.15504807692307693 0.2956730769230769 0.07932692307692307 0.13942307692307693
2 0.07091346153846154 0.15625 0.07932692307692307 0.13942307692307693
2 0.027644230769230768 0.12139423076923077 0.055288461538461536 0.14182692307692307
2 0.03365384615384615 0.2776442307692308 0.0673076923076923 0.14182692307692307
2 0.09254807692307693 0.2848557692307692 0.07451923076923077 0.14423076923076922
2 0.5 0.027644230769230768 0.0625 0.055288461538461536
2 0.6021634615384616 0.042067307692307696 0.15625 0.08413461538461539
2 0.5973557692307693 0.20432692307692307 0.15384615384615385 0.09134615384615384
2 0.5697115384615384 0.35697115384615385 0.15384615384615385 0.09134615384615384
2 0.5733173076923077 0.4326923076923077 0.15384615384615385 0.09134615384615384
2 0.578125 0.4891826923076923 0.15384615384615385 0.09134615384615384
2 0.4963942307692308 0.10096153846153846 0.055288461538461536 0.07692307692307693
2 0.49158653846153844 0.17548076923076922 0.04567307692307692 0.07692307692307693
2 0.4879807692307692 0.25240384615384615 0.038461538461538464 0.07692307692307693
2 0.484375 0.3293269230769231 0.03125 0.07692307692307693
2 0.48197115384615385 0.40384615384615385 0.026442307692307692 0.07692307692307693
2 0.6814903846153846 0.6274038461538461 0.13221153846153846 0.019230769230769232