2 0.4411057692307692 0.39663461538461536 0.13942307692307693 0.12740384615384615
2 0.3293269230769231 0.375 0.13942307692307693 0.12740384615384615
2 0.32572115384615385 0.44711538461538464 0.14182692307692307 0.10096153846153846
2 0.14543269230769232 0.34134615384615385 0.13942307692307693 0.12740384615384615
2 0.17307692307692307 0.39903846153846156 0.13942307692307693 0.12740384615384615
2 0.17427884615384615 0.44711538461538464 0.14182692307692307 0.10096153846153846
2 0.19831730769230768 0.4651442307692308 0.14182692307692307 0.06490384615384616
2 0.05889423076923077 0.4675480769230769 0.11778846153846154 0.06009615384615385
2 0.5372596153846154 0.3449519230769231 0.15625 0.11057692307692307
2 0.5793269230769231 0.1045673076923077 0.11538461538461539 0.15384615384615385
2 0.5036057692307693 0.08533653846153846 0.10096153846153846 0.14903846153846154
2 0.43149038461538464 0.06610576923076923 0.11298076923076923 0.13221153846153846
2 0.29927884615384615 0.040865384615384616 0.10336538461538461 0.08173076923076923
2 0.24158653846153846 0.03125 0.10336538461538461 0.0625
2 0.18269230769230768 0.02283653846153846 0.10096153846153846 0.04567307692307692
2 0.6598557692307693 0.9855769230769231 0.14182692307692307 0.02403846153846154
2 0.7103365384615384 0.5348557692307693 0.05048076923076923 0.06971153846153846
2 0.44711538461538464 0.9447115384615384 0.13221153846153846 0.08653846153846154
2 0.23197115384615385 0.8858173076923077 0.17307692307692307 0.11538461538461539
2 0.9723557692307693 0.6045673076923077 0.05048076923076923 0.15625