2 0.04326923076923077 0.042067307692307696 0.08653846153846154 0.08413461538461539
2 0.13221153846153846 0.03125 0.12980769230769232 0.0625
2 0.015625 0.11538461538461539 0.03125 0.08173076923076923
2 0.037259615384615384 0.3557692307692308 0.07451923076923077 0.13942307692307693
2 0.10216346153846154 0.3449519230769231 0.08173076923076923 0.13221153846153846
2 0.18028846153846154 0.34975961538461536 0.0889423076923077 0.13942307692307693
2 0.32211538461538464 0.22956730769230768 0.125 0.08413461538461539
2 0.7307692307692307 0.4206730769230769 0.12980769230769232 0.06971153846153846
2 0.49158653846153844 0.22115384615384615 0.15144230769230768 0.06490384615384616
2 0.609375 0.31009615384615385 0.1466346153846154 0.07692307692307693
2 0.1875 0.9567307692307693 0.13942307692307693 0.08173076923076923