2 0.10697115384615384 0.2824519230769231 0.08413461538461539 0.12980769230769232
2 0.03125 0.40865384615384615 0.0625 0.14903846153846154
2 0.8930288461538461 0.265625 0.11538461538461539 0.07451923076923077
2 0.9302884615384616 0.046875 0.1346153846153846 0.09375
2 0.9242788461538461 0.5072115384615384 0.1466346153846154 0.019230769230769232
2 0.90625 0.47596153846153844 0.14423076923076922 0.07451923076923077
2 0.9170673076923077 0.4098557692307692 0.14423076923076922 0.07451923076923077
2 0.9807692307692307 0.3125 0.03365384615384615 0.09615384615384616
2 0.8810096153846154 0.33774038461538464 0.13701923076923078 0.07451923076923077
2 0.6225961538461539 0.3942307692307692 0.028846153846153848 0.07692307692307693
2 0.4375 0.5709134615384616 0.09615384615384616 0.10336538461538461