2 0.8605769230769231 0.32572115384615385 0.1201923076923077 0.18028846153846154
2 0.734375 0.4362980769230769 0.08173076923076923 0.14423076923076922
2 0.6514423076923077 0.0673076923076923 0.08653846153846154 0.1346153846153846
2 0.6814903846153846 0.23076923076923078 0.09615384615384616 0.17548076923076922
2 0.3269230769230769 0.9495192307692307 0.11057692307692307 0.09615384615384616
2 0.9230769230769231 0.6418269230769231 0.14903846153846154 0.10096153846153846
2 0.7668269230769231 0.6730769230769231 0.15625 0.09615384615384616
2 0.53125 0.7439903846153846 0.0625 0.0985576923076923
2 0.5372596153846154 0.8040865384615384 0.07451923076923077 0.0985576923076923
2 0.5420673076923077 0.8713942307692307 0.08413461538461539 0.0985576923076923
2 0.5336538461538461 0.9519230769230769 0.0673076923076923 0.09134615384615384
2 0.8365384615384616 0.9867788461538461 0.15865384615384615 0.021634615384615384
2 0.8269230769230769 0.9507211538461539 0.15865384615384615 0.09375
2 0.8149038461538461 0.8786057692307693 0.15625 0.09615384615384616
2 0.7992788461538461 0.8149038461538461 0.15625 0.09615384615384616
2 0.7872596153846154 0.7475961538461539 0.15625 0.09615384615384616
2 0.9314903846153846 0.7091346153846154 0.13221153846153846 0.10096153846153846
2 0.9362980769230769 0.7776442307692307 0.12259615384615384 0.0985576923076923
2 0.9423076923076923 0.8473557692307693 0.11057692307692307 0.0985576923076923
2 0.9495192307692307 0.9134615384615384 0.09615384615384616 0.10576923076923077
2 0.9543269230769231 0.9675480769230769 0.08653846153846154 0.06009615384615385