2 0.38822115384615385 0.23197115384615385 0.12740384615384615 0.07451923076923077
2 0.5576923076923077 0.16105769230769232 0.11538461538461539 0.08653846153846154
2 0.5709134615384616 0.08774038461538461 0.0889423076923077 0.07932692307692307
2 0.7271634615384616 0.04927884615384615 0.1466346153846154 0.07932692307692307
2 0.7247596153846154 0.11899038461538461 0.1466346153846154 0.07932692307692307
2 0.7211538461538461 0.18990384615384615 0.1466346153846154 0.07932692307692307
2 0.7175480769230769 0.26802884615384615 0.1466346153846154 0.07932692307692307
2 0.71875 0.33413461538461536 0.1466346153846154 0.07932692307692307
2 0.7067307692307693 0.38822115384615385 0.14903846153846154 0.055288461538461536
2 0.8786057692307693 0.038461538461538464 0.1466346153846154 0.07451923076923077
2 0.8810096153846154 0.11057692307692307 0.1466346153846154 0.07451923076923077
2 0.8786057692307693 0.17427884615384615 0.1466346153846154 0.07932692307692307
2 0.8774038461538461 0.25841346153846156 0.1466346153846154 0.07451923076923077
2 0.8629807692307693 0.3173076923076923 0.1466346153846154 0.07451923076923077
2 0.859375 0.38341346153846156 0.15144230769230768 0.06490384615384616
2 0.7800480769230769 0.8846153846153846 0.06971153846153846 0.1466346153846154