2 0.3713942307692308 0.06850961538461539 0.05048076923076923 0.07932692307692307
2 0.3581730769230769 0.3112980769230769 0.07692307692307693 0.08413461538461539
2 0.21514423076923078 0.30408653846153844 0.17067307692307693 0.08173076923076923
2 0.22716346153846154 0.22956730769230768 0.10336538461538461 0.0673076923076923
2 0.25841346153846156 0.1502403846153846 0.15144230769230768 0.07211538461538461
2 0.23197115384615385 0.0733173076923077 0.13942307692307693 0.08653846153846154
2 0.25961538461538464 0.016826923076923076 0.12980769230769232 0.03365384615384615
2 0.5300480769230769 0.06129807692307692 0.1346153846153846 0.08413461538461539
2 0.042067307692307696 0.47716346153846156 0.08413461538461539 0.17067307692307693
2 0.44591346153846156 0.9230769230769231 0.0625 0.13221153846153846
2 0.5829326923076923 0.9182692307692307 0.06971153846153846 0.15865384615384615
2 0.4951923076923077 0.9387019230769231 0.0673076923076923 0.11778846153846154
2 0.6490384615384616 0.9182692307692307 0.07211538461538461 0.15865384615384615
2 0.7235576923076923 0.9230769230769231 0.07211538461538461 0.14903846153846154
2 0.796875 0.9290865384615384 0.06971153846153846 0.13701923076923078
2 0.4170673076923077 0.6129807692307693 0.036057692307692304 0.08173076923076923
2 0.5204326923076923 0.6141826923076923 0.1466346153846154 0.07932692307692307
2 0.8088942307692307 0.5997596153846154 0.1466346153846154 0.07932692307692307
2 0.8112980769230769 0.5372596153846154 0.1466346153846154 0.07932692307692307
2 0.8173076923076923 0.4675480769230769 0.1466346153846154 0.07932692307692307
2 0.8509615384615384 0.39783653846153844 0.14903846153846154 0.06009615384615385
2 0.5216346153846154 0.40384615384615385 0.14903846153846154 0.07211538461538461
2 0.5216346153846154 0.46634615384615385 0.1466346153846154 0.07932692307692307
2 0.5192307692307693 0.5360576923076923 0.1466346153846154 0.07932692307692307
2 0.4170673076923077 0.5432692307692307 0.036057692307692304 0.08173076923076923
2 0.41947115384615385 0.4735576923076923 0.040865384615384616 0.08173076923076923
2 0.4206730769230769 0.4050480769230769 0.04326923076923077 0.07451923076923077