2 0.44471153846153844 0.025240384615384616 0.14903846153846154 0.05048076923076923
2 0.4543269230769231 0.0829326923076923 0.14423076923076922 0.07451923076923077
2 0.4567307692307692 0.15384615384615385 0.13942307692307693 0.07692307692307693
2 0.46634615384615385 0.22355769230769232 0.1201923076923077 0.07692307692307693
2 0.4579326923076923 0.2932692307692308 0.13701923076923078 0.08653846153846154
2 0.47475961538461536 0.36177884615384615 0.10336538461538461 0.08413461538461539
2 0.47836538461538464 0.4266826923076923 0.09615384615384616 0.08413461538461539
2 0.4723557692307692 0.4951923076923077 0.10817307692307693 0.0625
2 0.1201923076923077 0.0889423076923077 0.13701923076923078 0.06971153846153846
2 0.11658653846153846 0.1622596153846154 0.13701923076923078 0.06971153846153846
2 0.02403846153846154 0.22596153846153846 0.04807692307692308 0.07692307692307693
2 0.12740384615384615 0.22596153846153846 0.13221153846153846 0.07692307692307693
2 0.1346153846153846 0.28846153846153844 0.13221153846153846 0.07692307692307693
2 0.027644230769230768 0.29447115384615385 0.055288461538461536 0.07932692307692307
2 0.030048076923076924 0.37259615384615385 0.06009615384615385 0.08173076923076923
2 0.14182692307692307 0.4423076923076923 0.15144230769230768 0.07451923076923077
2 0.039663461538461536 0.4963942307692308 0.07932692307692307 0.06009615384615385
2 0.96875 0.15625 0.057692307692307696 0.1778846153846154
2 0.5120192307692307 0.7199519230769231 0.028846153846153848 0.15144230769230768
2 0.4675480769230769 0.7199519230769231 0.07932692307692307 0.14903846153846154
2 0.3894230769230769 0.71875 0.07932692307692307 0.14903846153846154
2 0.3245192307692308 0.7211538461538461 0.07932692307692307 0.14903846153846154
2 0.25721153846153844 0.7127403846153846 0.07932692307692307 0.14903846153846154
2 0.49038461538461536 0.8762019230769231 0.07211538461538461 0.15144230769230768
2 0.4110576923076923 0.8786057692307693 0.07451923076923077 0.14903846153846154
2 0.34975961538461536 0.8665865384615384 0.07451923076923077 0.14903846153846154
2 0.27524038461538464 0.8653846153846154 0.07932692307692307 0.14903846153846154
2 0.6490384615384616 0.6418269230769231 0.09375 0.13942307692307693