2 0.14783653846153846 0.09615384615384616 0.07451923076923077 0.12740384615384615
2 0.3125 0.11177884615384616 0.07451923076923077 0.12740384615384615
2 0.23798076923076922 0.09975961538461539 0.09134615384615384 0.16105769230769232
2 0.08413461538461539 0.07451923076923077 0.09615384615384616 0.14903846153846154
2 0.019230769230769232 0.06009615384615385 0.038461538461538464 0.1201923076923077
9 0.9699519230769231 0.11899038461538461 0.055288461538461536 0.23317307692307693
2 0.453125 0.8954326923076923 0.026442307692307692 0.14182692307692307
2 0.40625 0.9002403846153846 0.07932692307692307 0.13942307692307693
2 0.40865384615384615 0.7379807692307693 0.07932692307692307 0.13942307692307693
2 0.2644230769230769 0.8810096153846154 0.07932692307692307 0.13942307692307693
2 0.2692307692307692 0.7151442307692307 0.07932692307692307 0.13942307692307693
2 0.19110576923076922 0.8569711538461539 0.07932692307692307 0.13942307692307693
2 0.12980769230769232 0.6899038461538461 0.08653846153846154 0.16346153846153846
2 0.12860576923076922 0.8485576923076923 0.08653846153846154 0.13701923076923078
2 0.06610576923076923 0.8377403846153846 0.08653846153846154 0.13701923076923078
2 0.06129807692307692 0.6911057692307693 0.08653846153846154 0.13701923076923078
2 0.013221153846153846 0.6754807692307693 0.026442307692307692 0.1346153846153846