2 0.28365384615384615 0.040865384615384616 0.18269230769230768 0.08173076923076923
0 0.4879807692307692 0.06129807692307692 0.2644230769230769 0.12259615384615384
2 0.7920673076923077 0.11177884615384616 0.125 0.15865384615384615
2 0.010817307692307692 0.8341346153846154 0.021634615384615384 0.1875
2 0.6875 0.6983173076923077 0.038461538461538464 0.11778846153846154
2 0.5853365384615384 0.7403846153846154 0.18509615384615385 0.11298076923076923
2 0.6177884615384616 0.8125 0.11778846153846154 0.08653846153846154
2 0.6442307692307693 0.8858173076923077 0.125 0.10336538461538461
2 0.6442307692307693 0.9543269230769231 0.125 0.08653846153846154
2 0.5829326923076923 0.3581730769230769 0.18990384615384615 0.10096153846153846
2 0.24278846153846154 0.3605769230769231 0.1875 0.10576923076923077
2 0.27283653846153844 0.42427884615384615 0.18269230769230768 0.1466346153846154
2 0.08173076923076923 0.3449519230769231 0.16346153846153846 0.07451923076923077
2 0.09975961538461539 0.39302884615384615 0.18269230769230768 0.1466346153846154
2 0.09134615384615384 0.38461538461538464 0.18269230769230768 0.14903846153846154