2 0.24879807692307693 0.04567307692307692 0.055288461538461536 0.09134615384615384
2 0.3112980769230769 0.2824519230769231 0.06490384615384616 0.09375
2 0.4423076923076923 0.3233173076923077 0.14423076923076922 0.026442307692307692
2 0.31850961538461536 0.21394230769230768 0.07932692307692307 0.09615384615384616
2 0.4387019230769231 0.265625 0.14182692307692307 0.09375
2 0.4483173076923077 0.18870192307692307 0.14182692307692307 0.09375
2 0.46634615384615385 0.0985576923076923 0.14182692307692307 0.09375
2 0.45913461538461536 0.038461538461538464 0.14423076923076922 0.07692307692307693
2 0.328125 0.03125 0.0985576923076923 0.0625
2 0.3293269230769231 0.07932692307692307 0.10096153846153846 0.09615384615384616
2 0.3233173076923077 0.14903846153846154 0.0889423076923077 0.09615384615384616