2 0.2800480769230769 0.09014423076923077 0.19471153846153846 0.13701923076923078
2 0.23197115384615385 0.23677884615384615 0.15625 0.0889423076923077
2 0.22596153846153846 0.31009615384615385 0.15625 0.0889423076923077
2 0.4182692307692308 0.6418269230769231 0.09615384615384616 0.16826923076923078
2 0.39783653846153844 0.8040865384615384 0.08653846153846154 0.13221153846153846
2 0.13942307692307693 0.6045673076923077 0.11057692307692307 0.09375
2 0.02283653846153846 0.7067307692307693 0.04567307692307692 0.17307692307692307
2 0.026442307692307692 0.5853365384615384 0.052884615384615384 0.055288461538461536
2 0.5925480769230769 0.7019230769230769 0.1466346153846154 0.10096153846153846
2 0.578125 0.9170673076923077 0.11778846153846154 0.10336538461538461
2 0.578125 0.8401442307692307 0.11778846153846154 0.10336538461538461