2 0.109375 0.46634615384615385 0.1466346153846154 0.08173076923076923
2 0.8966346153846154 0.9399038461538461 0.14423076923076922 0.11538461538461539
2 0.8473557692307693 0.9098557692307693 0.14182692307692307 0.12740384615384615
2 0.8377403846153846 0.78125 0.14182692307692307 0.12740384615384615
2 0.8052884615384616 0.7247596153846154 0.14182692307692307 0.12740384615384615
2 0.7764423076923077 0.6646634615384616 0.14182692307692307 0.12740384615384615
2 0.7536057692307693 0.6069711538461539 0.14423076923076922 0.13221153846153846
2 0.7163461538461539 0.5552884615384616 0.14423076923076922 0.09134615384615384
2 0.6899038461538461 0.5252403846153846 0.12980769230769232 0.03125
2 0.8990384615384616 0.5637019230769231 0.12980769230769232 0.10817307692307693
2 0.8509615384615384 0.5288461538461539 0.11538461538461539 0.038461538461538464
2 0.7247596153846154 0.8401442307692307 0.14182692307692307 0.12740384615384615
2 0.6923076923076923 0.7884615384615384 0.14182692307692307 0.12740384615384615
2 0.6634615384615384 0.7283653846153846 0.14182692307692307 0.12740384615384615
2 0.6298076923076923 0.6730769230769231 0.14182692307692307 0.12740384615384615
2 0.5889423076923077 0.6057692307692307 0.14182692307692307 0.12740384615384615
2 0.5600961538461539 0.5685096153846154 0.14423076923076922 0.11778846153846154
2 0.5252403846153846 0.5360576923076923 0.1466346153846154 0.052884615384615384
2 0.5829326923076923 0.9326923076923077 0.15625 0.12980769230769232
2 0.5420673076923077 0.8762019230769231 0.15625 0.13701923076923078
2 0.5180288461538461 0.8125 0.15625 0.13701923076923078
2 0.48197115384615385 0.7596153846153846 0.15625 0.13701923076923078
2 0.44471153846153844 0.7007211538461539 0.12740384615384615 0.12259615384615384
2 0.41586538461538464 0.6442307692307693 0.12740384615384615 0.12259615384615384
2 0.375 0.5865384615384616 0.11538461538461539 0.11057692307692307
2 0.33774038461538464 0.5420673076923077 0.11778846153846154 0.06490384615384616
2 0.453125 0.9567307692307693 0.14182692307692307 0.08173076923076923
2 0.4110576923076923 0.9230769230769231 0.13701923076923078 0.13221153846153846
2 0.3858173076923077 0.875 0.13701923076923078 0.13221153846153846
2 0.34975961538461536 0.8221153846153846 0.13701923076923078 0.13221153846153846
2 0.328125 0.7596153846153846 0.0985576923076923 0.1346153846153846
2 0.31971153846153844 0.7055288461538461 0.08173076923076923 0.13221153846153846
2 0.2980769230769231 0.6394230769230769 0.038461538461538464 0.1346153846153846