2 0.010817307692307692 0.4110576923076923 0.021634615384615384 0.12980769230769232
2 0.046875 0.41225961538461536 0.06971153846153846 0.12740384615384615
2 0.2620192307692308 0.3641826923076923 0.07932692307692307 0.16105769230769232
2 0.18990384615384615 0.39302884615384615 0.07932692307692307 0.16105769230769232
2 0.4050480769230769 0.3581730769230769 0.07932692307692307 0.14423076923076922
2 0.026442307692307692 0.20432692307692307 0.052884615384615384 0.14903846153846154
2 0.08653846153846154 0.19230769230769232 0.08173076923076923 0.125
2 0.16346153846153846 0.17307692307692307 0.08173076923076923 0.125
2 0.234375 0.16947115384615385 0.08173076923076923 0.125
2 0.3786057692307692 0.1346153846153846 0.08173076923076923 0.125
2 0.06129807692307692 0.9675480769230769 0.12259615384615384 0.06009615384615385
2 0.23076923076923078 0.5132211538461539 0.14423076923076922 0.06971153846153846
2 0.3798076923076923 0.5024038461538461 0.1346153846153846 0.04807692307692308
2 0.5360576923076923 0.9483173076923077 0.12980769230769232 0.0985576923076923
2 0.6442307692307693 0.9435096153846154 0.12980769230769232 0.10817307692307693
2 0.7427884615384616 0.9387019230769231 0.12980769230769232 0.11778846153846154
2 0.9278846153846154 0.9242788461538461 0.12980769230769232 0.1466346153846154
2 0.9771634615384616 0.9050480769230769 0.040865384615384616 0.15625
2 0.609375 0.7740384615384616 0.16346153846153846 0.08653846153846154