2 0.6754807692307693 0.08052884615384616 0.08413461538461539 0.12740384615384615
2 0.2127403846153846 0.8245192307692307 0.0673076923076923 0.11057692307692307
2 0.3954326923076923 0.8870192307692307 0.040865384615384616 0.14423076923076922
2 0.015625 0.9555288461538461 0.03125 0.08413461538461539
2 0.019230769230769232 0.8197115384615384 0.038461538461538464 0.14423076923076922
2 0.06370192307692307 0.9555288461538461 0.06971153846153846 0.08413461538461539
2 0.06610576923076923 0.8365384615384616 0.0673076923076923 0.14182692307692307
2 0.13581730769230768 0.9447115384615384 0.0889423076923077 0.10576923076923077
2 0.14543269230769232 0.8052884615384616 0.0673076923076923 0.1346153846153846
2 0.027644230769230768 0.5096153846153846 0.055288461538461536 0.15865384615384615
2 0.15504807692307693 0.49759615384615385 0.0625 0.11778846153846154
2 0.2283653846153846 0.49038461538461536 0.0625 0.11778846153846154
2 0.8689903846153846 0.8461538461538461 0.13942307692307693 0.06971153846153846