2 0.17548076923076922 0.17067307692307693 0.16346153846153846 0.06971153846153846
2 0.8617788461538461 0.07451923076923077 0.14423076923076922 0.07932692307692307
2 0.018028846153846152 0.8954326923076923 0.036057692307692304 0.07932692307692307
2 0.7439903846153846 0.5901442307692307 0.0673076923076923 0.11057692307692307
2 0.9423076923076923 0.5024038461538461 0.09134615384615384 0.13942307692307693
2 0.4579326923076923 0.4639423076923077 0.06009615384615385 0.13942307692307693
2 0.47596153846153844 0.6141826923076923 0.0673076923076923 0.14182692307692307
2 0.515625 0.4519230769230769 0.0673076923076923 0.14182692307692307
2 0.5384615384615384 0.6201923076923077 0.0673076923076923 0.14182692307692307
2 0.5793269230769231 0.44591346153846156 0.0673076923076923 0.14182692307692307
2 0.5973557692307693 0.5949519230769231 0.0673076923076923 0.14182692307692307
2 0.6538461538461539 0.4567307692307692 0.08653846153846154 0.14182692307692307
2 0.6778846153846154 0.6177884615384616 0.0673076923076923 0.1346153846153846
2 0.5853365384615384 0.9254807692307693 0.07451923076923077 0.14423076923076922
2 0.5252403846153846 0.921875 0.07451923076923077 0.15144230769230768
2 0.4519230769230769 0.9230769230769231 0.04807692307692308 0.14423076923076922
2 0.71875 0.9254807692307693 0.0625 0.11778846153846154
2 0.7920673076923077 0.9242788461538461 0.0625 0.11778846153846154