2 0.18269230769230768 0.5528846153846154 0.0673076923076923 0.13221153846153846
2 0.021634615384615384 0.10096153846153846 0.04326923076923077 0.13942307692307693
2 0.9555288461538461 0.4735576923076923 0.08413461538461539 0.09134615384615384
2 0.8185096153846154 0.12860576923076922 0.08653846153846154 0.12980769230769232
2 0.6838942307692307 0.14423076923076922 0.08653846153846154 0.16346153846153846
2 0.4579326923076923 0.43028846153846156 0.07932692307692307 0.13942307692307693
2 0.5673076923076923 0.18389423076923078 0.08653846153846154 0.125
2 0.4423076923076923 0.20552884615384615 0.04807692307692308 0.12740384615384615
2 0.025240384615384616 0.8425480769230769 0.05048076923076923 0.09375
2 0.3245192307692308 0.7103365384615384 0.14903846153846154 0.06490384615384616
2 0.020432692307692308 0.7572115384615384 0.040865384615384616 0.09615384615384616
2 0.8137019230769231 0.7391826923076923 0.11298076923076923 0.12259615384615384