2 0.46634615384615385 0.040865384615384616 0.14182692307692307 0.07451923076923077
2 0.47475961538461536 0.38822115384615385 0.12259615384615384 0.07932692307692307
2 0.5625 0.20072115384615385 0.04807692307692308 0.0985576923076923
2 0.8197115384615384 0.3401442307692308 0.15144230769230768 0.10336538461538461
2 0.9266826923076923 0.03125 0.0985576923076923 0.0625
2 0.025240384615384616 0.6730769230769231 0.05048076923076923 0.14903846153846154
2 0.0625 0.8293269230769231 0.0985576923076923 0.14423076923076922
2 0.1346153846153846 0.9567307692307693 0.1201923076923077 0.08173076923076923
2 0.9723557692307693 0.5973557692307693 0.05048076923076923 0.0985576923076923
2 0.9759615384615384 0.8149038461538461 0.04326923076923077 0.09615384615384616
2 0.9795673076923077 0.7379807692307693 0.036057692307692304 0.09615384615384616