2 0.052884615384615384 0.24879807692307693 0.10576923076923077 0.10817307692307693
2 0.7596153846153846 0.016826923076923076 0.1201923076923077 0.03365384615384615
2 0.4543269230769231 0.9507211538461539 0.02403846153846154 0.09375
2 0.41225961538461536 0.9399038461538461 0.08413461538461539 0.11538461538461539
2 0.33774038461538464 0.9411057692307693 0.08413461538461539 0.11298076923076923
2 0.2704326923076923 0.9387019230769231 0.08413461538461539 0.11778846153846154
2 0.11899038461538461 0.625 0.08173076923076923 0.15144230769230768
2 0.051682692307692304 0.6129807692307693 0.08173076923076923 0.15144230769230768
2 0.109375 0.4543269230769231 0.08413461538461539 0.14903846153846154
2 0.71875 0.5769230769230769 0.08653846153846154 0.14182692307692307
2 0.49158653846153844 0.6850961538461539 0.04567307692307692 0.057692307692307696
2 0.4831730769230769 0.6165865384615384 0.028846153846153848 0.06490384615384616