2 0.4170673076923077 0.057692307692307696 0.0985576923076923 0.11538461538461539
2 0.5012019230769231 0.3293269230769231 0.06490384615384616 0.125
2 0.5576923076923077 0.33653846153846156 0.07692307692307693 0.12259615384615384
2 0.6334134615384616 0.3293269230769231 0.07692307692307693 0.12259615384615384
2 0.7007211538461539 0.33413461538461536 0.07692307692307693 0.12259615384615384
2 0.7632211538461539 0.33533653846153844 0.07692307692307693 0.12259615384615384
2 0.8581730769230769 0.18870192307692307 0.07692307692307693 0.12259615384615384
2 0.7752403846153846 0.203125 0.07692307692307693 0.12259615384615384
2 0.7127403846153846 0.19951923076923078 0.07692307692307693 0.12259615384615384
2 0.6382211538461539 0.1971153846153846 0.07692307692307693 0.12259615384615384
2 0.5673076923076923 0.19951923076923078 0.07692307692307693 0.12259615384615384
2 0.5108173076923077 0.18870192307692307 0.07692307692307693 0.12259615384615384
9 0.44711538461538464 0.546875 0.038461538461538464 0.17548076923076922
2 0.35336538461538464 0.5949519230769231 0.13221153846153846 0.1875
2 0.4987980769230769 0.9375 0.06009615384615385 0.1201923076923077
2 0.6911057692307693 0.7295673076923077 0.1346153846153846 0.08653846153846154
2 0.6899038461538461 0.65625 0.12980769230769232 0.07692307692307693
2 0.6923076923076923 0.5733173076923077 0.12259615384615384 0.06490384615384616
2 0.8786057692307693 0.48197115384615385 0.13701923076923078 0.04567307692307692