2 0.125 0.25240384615384615 0.08173076923076923 0.028846153846153848
2 0.054086538461538464 0.10096153846153846 0.10817307692307693 0.1778846153846154
2 0.9314903846153846 0.046875 0.13221153846153846 0.09375
2 0.7572115384615384 0.028846153846153848 0.1346153846153846 0.057692307692307696
2 0.7608173076923077 0.08774038461538461 0.16826923076923078 0.1201923076923077
2 0.7716346153846154 0.15264423076923078 0.1346153846153846 0.09615384615384616
2 0.8112980769230769 0.21754807692307693 0.1346153846153846 0.09615384615384616
2 0.8100961538461539 0.2548076923076923 0.17307692307692307 0.02403846153846154
2 0.9350961538461539 0.11298076923076923 0.125 0.10096153846153846
2 0.9495192307692307 0.18269230769230768 0.09615384615384616 0.10576923076923077
2 0.9651442307692307 0.23076923076923078 0.06490384615384616 0.07211538461538461
2 0.6021634615384616 0.9519230769230769 0.11778846153846154 0.09134615384615384
2 0.6899038461538461 0.5456730769230769 0.09375 0.13942307692307693
2 0.5492788461538461 0.8161057692307693 0.09615384615384616 0.16105769230769232
2 0.6081730769230769 0.6850961538461539 0.10576923076923077 0.16105769230769232