2 0.12379807692307693 0.7391826923076923 0.10336538461538461 0.016826923076923076
2 0.04447115384615385 0.6430288461538461 0.0889423076923077 0.15144230769230768
2 0.19110576923076922 0.7283653846153846 0.10336538461538461 0.038461538461538464
2 0.12980769230769232 0.6370192307692307 0.10096153846153846 0.14903846153846154
2 0.20552884615384615 0.6165865384615384 0.10096153846153846 0.14903846153846154
2 0.296875 0.5889423076923077 0.10096153846153846 0.14903846153846154
2 0.36538461538461536 0.5877403846153846 0.10096153846153846 0.14903846153846154
2 0.41947115384615385 0.5588942307692307 0.07451923076923077 0.15144230769230768
2 0.43028846153846156 0.6899038461538461 0.052884615384615384 0.11538461538461539
2 0.3870192307692308 0.7055288461538461 0.10576923076923077 0.08413461538461539
2 0.3245192307692308 0.7103365384615384 0.10576923076923077 0.07451923076923077
2 0.25600961538461536 0.7199519230769231 0.10336538461538461 0.055288461538461536
2 0.5264423076923077 0.6706730769230769 0.1346153846153846 0.10096153846153846
2 0.8040865384615384 0.5829326923076923 0.13942307692307693 0.10336538461538461
2 0.9338942307692307 0.546875 0.12740384615384615 0.10336538461538461
2 0.05048076923076923 0.9675480769230769 0.10096153846153846 0.06009615384615385
2 0.109375 0.9771634615384616 0.09375 0.040865384615384616
2 0.17668269230769232 0.9627403846153846 0.10336538461538461 0.06971153846153846
2 0.24639423076923078 0.953125 0.10336538461538461 0.0889423076923077
2 0.3137019230769231 0.9411057692307693 0.10336538461538461 0.11298076923076923
2 0.38341346153846156 0.9375 0.10336538461538461 0.1201923076923077
2 0.421875 0.9146634615384616 0.06971153846153846 0.1658653846153846