2 0.34134615384615385 0.22716346153846154 0.028846153846153848 0.15144230769230768
2 0.33533653846153844 0.08173076923076923 0.040865384615384616 0.14903846153846154
2 0.29927884615384615 0.2403846153846154 0.07932692307692307 0.14903846153846154
2 0.22355769230769232 0.22596153846153846 0.07932692307692307 0.1466346153846154
2 0.15865384615384615 0.23076923076923078 0.08173076923076923 0.14903846153846154
2 0.08052884615384616 0.23197115384615385 0.08173076923076923 0.14903846153846154
2 0.27163461538461536 0.08413461538461539 0.07932692307692307 0.14903846153846154
2 0.19951923076923078 0.07211538461538461 0.08173076923076923 0.14423076923076922
2 0.1310096153846154 0.0733173076923077 0.08413461538461539 0.1466346153846154
2 0.06009615384615385 0.0733173076923077 0.08173076923076923 0.1466346153846154
2 0.008413461538461538 0.07451923076923077 0.016826923076923076 0.14903846153846154
2 0.4362980769230769 0.3605769230769231 0.09134615384615384 0.15384615384615385