2 0.3701923076923077 0.375 0.13942307692307693 0.11538461538461539
2 0.4639423076923077 0.44591346153846156 0.04807692307692308 0.15144230769230768
2 0.484375 0.4831730769230769 0.0889423076923077 0.125
2 0.47716346153846156 0.18990384615384615 0.07451923076923077 0.14903846153846154
2 0.5084134615384616 0.5144230769230769 0.13701923076923078 0.0625
2 0.49759615384615385 0.25240384615384615 0.11538461538461539 0.14903846153846154
2 0.5324519230769231 0.296875 0.15144230769230768 0.1466346153846154
2 0.5793269230769231 0.3641826923076923 0.15144230769230768 0.1466346153846154
2 0.5408653846153846 0.036057692307692304 0.15384615384615385 0.07211538461538461
2 0.5889423076923077 0.06129807692307692 0.15384615384615385 0.12259615384615384
2 0.6442307692307693 0.4074519230769231 0.15144230769230768 0.1466346153846154
2 0.6370192307692307 0.11538461538461539 0.15144230769230768 0.1466346153846154
2 0.6899038461538461 0.1622596153846154 0.15144230769230768 0.1466346153846154
2 0.7283653846153846 0.23197115384615385 0.15144230769230768 0.1466346153846154
2 0.7896634615384616 0.2932692307692308 0.15144230769230768 0.1466346153846154
2 0.7956730769230769 0.039663461538461536 0.15384615384615385 0.07932692307692307
2 0.8449519230769231 0.0625 0.15144230769230768 0.125
2 0.890625 0.11177884615384616 0.15144230769230768 0.1466346153846154
2 0.9338942307692307 0.16105769230769232 0.12740384615384615 0.14903846153846154
2 0.9338942307692307 0.03125 0.12740384615384615 0.0625
2 0.9567307692307693 0.054086538461538464 0.08173076923076923 0.10817307692307693
2 0.9795673076923077 0.0889423076923077 0.036057692307692304 0.14903846153846154