2 0.234375 0.40384615384615385 0.026442307692307692 0.16346153846153846
2 0.203125 0.3798076923076923 0.0889423076923077 0.16346153846153846
2 0.14423076923076922 0.3629807692307692 0.11057692307692307 0.16346153846153846
2 0.07091346153846154 0.34134615384615385 0.11057692307692307 0.16346153846153846
2 0.030048076923076924 0.3293269230769231 0.06009615384615385 0.16346153846153846
2 0.030048076923076924 0.04567307692307692 0.06009615384615385 0.09134615384615384
2 0.07091346153846154 0.046875 0.11298076923076923 0.09375
2 0.13581730769230768 0.052884615384615384 0.11298076923076923 0.10576923076923077
2 0.19951923076923078 0.051682692307692304 0.09615384615384616 0.10336538461538461
2 0.9038461538461539 0.5372596153846154 0.10817307692307693 0.10576923076923077
2 0.15865384615384615 0.640625 0.10576923076923077 0.04567307692307692