2 0.040865384615384616 0.030048076923076924 0.08173076923076923 0.06009615384615385
2 0.33533653846153844 0.04326923076923077 0.1201923076923077 0.08413461538461539
2 0.9507211538461539 0.5144230769230769 0.09375 0.10096153846153846
2 0.12379807692307693 0.8509615384615384 0.11298076923076923 0.07692307692307693
2 0.07451923076923077 0.6334134615384616 0.14182692307692307 0.0985576923076923
2 0.1045673076923077 0.9771634615384616 0.1466346153846154 0.040865384615384616
2 0.026442307692307692 0.9098557692307693 0.052884615384615384 0.0985576923076923
2 0.13942307692307693 0.9230769230769231 0.13701923076923078 0.07451923076923077
2 0.4098557692307692 0.9555288461538461 0.055288461538461536 0.07451923076923077
2 0.41586538461538464 0.8834134615384616 0.04326923076923077 0.07451923076923077
2 0.453125 0.7932692307692307 0.026442307692307692 0.12980769230769232
2 0.7572115384615384 0.9483173076923077 0.12980769230769232 0.0985576923076923
2 0.6382211538461539 0.9002403846153846 0.12740384615384615 0.12259615384615384
2 0.6286057692307693 0.8293269230769231 0.15384615384615385 0.14423076923076922
2 0.6658653846153846 0.7295673076923077 0.13701923076923078 0.13221153846153846
2 0.6634615384615384 0.6658653846153846 0.13701923076923078 0.13221153846153846