2 0.36899038461538464 0.109375 0.12980769230769232 0.12980769230769232
2 0.5528846153846154 0.11658653846153846 0.10336538461538461 0.1778846153846154
2 0.6778846153846154 0.24879807692307693 0.08173076923076923 0.14423076923076922
2 0.6322115384615384 0.04927884615384615 0.10096153846153846 0.0985576923076923
2 0.6189903846153846 0.4651442307692308 0.08173076923076923 0.11778846153846154
2 0.7175480769230769 0.5216346153846154 0.06009615384615385 0.0673076923076923
2 0.9699519230769231 0.2980769230769231 0.055288461538461536 0.13942307692307693
2 0.9278846153846154 0.30528846153846156 0.09134615384615384 0.13701923076923078
2 0.8449519230769231 0.31971153846153844 0.09134615384615384 0.13701923076923078
2 0.021634615384615384 0.6454326923076923 0.04326923076923077 0.15144230769230768
2 0.04326923076923077 0.8413461538461539 0.08653846153846154 0.16346153846153846
2 0.6286057692307693 0.6117788461538461 0.15625 0.10817307692307693
2 0.6814903846153846 0.953125 0.13221153846153846 0.0889423076923077
2 0.6550480769230769 0.7151442307692307 0.15625 0.14423076923076922
2 0.6778846153846154 0.8978365384615384 0.13942307692307693 0.1466346153846154
2 0.6730769230769231 0.8040865384615384 0.14903846153846154 0.1466346153846154