2 0.5408653846153846 0.5096153846153846 0.11057692307692307 0.07211538461538461
2 0.5216346153846154 0.42788461538461536 0.10817307692307693 0.11057692307692307
2 0.5204326923076923 0.3293269230769231 0.11298076923076923 0.11057692307692307
2 0.5216346153846154 0.23557692307692307 0.11298076923076923 0.11057692307692307
2 0.5012019230769231 0.09134615384615384 0.11298076923076923 0.11057692307692307
2 0.3389423076923077 0.5 0.0673076923076923 0.09134615384615384
2 0.24519230769230768 0.4891826923076923 0.0673076923076923 0.11298076923076923
2 0.042067307692307696 0.5 0.06971153846153846 0.09134615384615384
2 0.04927884615384615 0.3786057692307692 0.0673076923076923 0.14182692307692307
2 0.03365384615384615 0.18990384615384615 0.0673076923076923 0.14423076923076922
2 0.8569711538461539 0.5552884615384616 0.11778846153846154 0.014423076923076924
2 0.8521634615384616 0.6646634615384616 0.13221153846153846 0.06009615384615385
2 0.8509615384615384 0.7379807692307693 0.13221153846153846 0.04807692307692308
2 0.84375 0.9543269230769231 0.1346153846153846 0.052884615384615384
2 0.8425480769230769 0.8918269230769231 0.11538461538461539 0.052884615384615384