2 0.25841346153846156 0.31490384615384615 0.17548076923076922 0.10096153846153846
2 0.9471153846153846 0.056490384615384616 0.10096153846153846 0.09375
2 0.9507211538461539 0.13341346153846154 0.09375 0.09375
2 0.9435096153846154 0.19831730769230768 0.10817307692307693 0.09375
2 0.9326923076923077 0.25961538461538464 0.13221153846153846 0.09134615384615384
2 0.9194711538461539 0.33052884615384615 0.13221153846153846 0.06971153846153846
2 0.6490384615384616 0.046875 0.1346153846153846 0.09375
2 0.47596153846153844 0.021634615384615384 0.14423076923076922 0.04326923076923077
2 0.4206730769230769 0.3293269230769231 0.08173076923076923 0.07211538461538461
2 0.09735576923076923 0.9423076923076923 0.12740384615384615 0.11057692307692307
2 0.15144230769230768 0.765625 0.12740384615384615 0.12740384615384615
2 0.19831730769230768 0.5492788461538461 0.12740384615384615 0.12740384615384615
2 0.24639423076923078 0.4699519230769231 0.12740384615384615 0.12740384615384615
2 0.625 0.6646634615384616 0.09134615384615384 0.13701923076923078
2 0.5504807692307693 0.9338942307692307 0.09134615384615384 0.12740384615384615