2 0.17908653846153846 0.015625 0.17067307692307693 0.03125
2 0.6153846153846154 0.23076923076923078 0.10576923076923077 0.07211538461538461
2 0.5528846153846154 0.21394230769230768 0.10576923076923077 0.10576923076923077
2 0.9326923076923077 0.984375 0.12980769230769232 0.026442307692307692
2 0.6129807692307693 0.9435096153846154 0.15625 0.10576923076923077
2 0.6334134615384616 0.8822115384615384 0.15625 0.10576923076923077
2 0.6454326923076923 0.8112980769230769 0.15625 0.10576923076923077
2 0.6622596153846154 0.7403846153846154 0.15384615384615385 0.10576923076923077
2 0.6706730769230769 0.6730769230769231 0.15384615384615385 0.10576923076923077
2 0.6730769230769231 0.53125 0.15384615384615385 0.10576923076923077
2 0.6790865384615384 0.45072115384615385 0.15384615384615385 0.10576923076923077
2 0.9567307692307693 0.609375 0.08173076923076923 0.10817307692307693
2 0.9543269230769231 0.6862980769230769 0.08653846153846154 0.10817307692307693
2 0.9543269230769231 0.7536057692307693 0.08653846153846154 0.10817307692307693
2 0.9507211538461539 0.8185096153846154 0.09375 0.10817307692307693
2 0.953125 0.8882211538461539 0.0889423076923077 0.10817307692307693
2 0.9350961538461539 0.9555288461538461 0.125 0.08413461538461539