2 0.8882211538461539 0.30528846153846156 0.10336538461538461 0.08173076923076923
2 0.2692307692307692 0.8918269230769231 0.1466346153846154 0.12740384615384615
2 0.31850961538461536 0.7451923076923077 0.11778846153846154 0.12980769230769232
2 0.3233173076923077 0.5901442307692307 0.10817307692307693 0.15144230769230768
2 0.3425480769230769 0.4326923076923077 0.06971153846153846 0.14903846153846154
2 0.04807692307692308 0.7367788461538461 0.09615384615384616 0.15144230769230768
2 0.06610576923076923 0.5588942307692307 0.13221153846153846 0.15144230769230768
2 0.09134615384615384 0.4423076923076923 0.17067307692307693 0.14903846153846154
2 0.09134615384615384 0.38822115384615385 0.17307692307692307 0.07932692307692307
2 0.41346153846153844 0.640625 0.0673076923076923 0.2091346153846154
2 0.7091346153846154 0.3629807692307692 0.09615384615384616 0.028846153846153848
2 0.7824519230769231 0.3701923076923077 0.09375 0.04326923076923077
2 0.8449519230769231 0.38341346153846156 0.09375 0.06971153846153846
2 0.9663461538461539 0.4026442307692308 0.0625 0.10817307692307693