2 0.3870192307692308 0.53125 0.038461538461538464 0.07211538461538461
2 0.06850961538461539 0.4098557692307692 0.13701923076923078 0.12740384615384615
2 0.0625 0.4795673076923077 0.125 0.09375
2 0.9807692307692307 0.2512019230769231 0.03365384615384615 0.08413461538461539
2 0.9795673076923077 0.328125 0.036057692307692304 0.08413461538461539
2 0.9795673076923077 0.4026442307692308 0.036057692307692304 0.08413461538461539
2 0.5504807692307693 0.1778846153846154 0.18028846153846154 0.11778846153846154
2 0.5048076923076923 0.28365384615384615 0.18028846153846154 0.11778846153846154
2 0.4855769230769231 0.4495192307692308 0.15384615384615385 0.1201923076923077
2 0.5048076923076923 0.5456730769230769 0.19230769230769232 0.04326923076923077
2 0.1045673076923077 0.6322115384615384 0.0889423076923077 0.125
2 0.21033653846153846 0.640625 0.13221153846153846 0.14182692307692307
2 0.2548076923076923 0.7199519230769231 0.13221153846153846 0.08413461538461539
2 0.25961538461538464 0.7884615384615384 0.13221153846153846 0.08413461538461539
2 0.25961538461538464 0.8653846153846154 0.11298076923076923 0.08173076923076923
2 0.1814903846153846 0.9663461538461539 0.0889423076923077 0.0625
2 0.051682692307692304 0.9711538461538461 0.06971153846153846 0.052884615384615384