2 0.5492788461538461 0.28966346153846156 0.10817307692307693 0.15625
2 0.02283653846153846 0.8894230769230769 0.04567307692307692 0.10096153846153846
2 0.078125 0.6670673076923077 0.15625 0.14182692307692307
2 0.14423076923076922 0.7127403846153846 0.12740384615384615 0.11057692307692307
2 0.22956730769230768 0.9663461538461539 0.14182692307692307 0.0625
2 0.6225961538461539 0.9759615384615384 0.16826923076923078 0.04326923076923077
2 0.6213942307692307 0.8870192307692307 0.13221153846153846 0.0889423076923077
2 0.5805288461538461 0.7620192307692307 0.17067307692307693 0.11298076923076923
2 0.5612980769230769 0.6911057692307693 0.14182692307692307 0.0985576923076923
2 0.5420673076923077 0.6213942307692307 0.14182692307692307 0.0985576923076923
2 0.9338942307692307 0.5168269230769231 0.12740384615384615 0.09615384615384616