2 0.8882211538461539 0.3581730769230769 0.11778846153846154 0.038461538461538464
2 0.06129807692307692 0.4026442307692308 0.12259615384615384 0.04567307692307692
2 0.0673076923076923 0.44711538461538464 0.1346153846153846 0.09615384615384616
2 0.17668269230769232 0.6995192307692307 0.1346153846153846 0.09375
2 0.20192307692307693 0.7632211538461539 0.1346153846153846 0.09375
2 0.8137019230769231 0.4206730769230769 0.13701923076923078 0.08173076923076923
2 0.7776442307692307 0.4543269230769231 0.1346153846153846 0.12740384615384615
2 0.7463942307692307 0.5108173076923077 0.1346153846153846 0.12740384615384615
2 0.7103365384615384 0.5600961538461539 0.1201923076923077 0.12259615384615384
2 0.6875 0.6274038461538461 0.1201923076923077 0.12259615384615384
2 0.6454326923076923 0.6923076923076923 0.1201923076923077 0.12259615384615384
2 0.9579326923076923 0.4182692307692308 0.07932692307692307 0.07692307692307693
2 0.9411057692307693 0.46274038461538464 0.11298076923076923 0.12259615384615384
2 0.9110576923076923 0.5240384615384616 0.1201923076923077 0.12259615384615384
2 0.8798076923076923 0.5829326923076923 0.1201923076923077 0.12259615384615384
2 0.84375 0.6394230769230769 0.1201923076923077 0.12259615384615384
2 0.8064903846153846 0.7007211538461539 0.125 0.12259615384615384
2 0.7800480769230769 0.7680288461538461 0.125 0.12259615384615384
2 0.7524038461538461 0.8233173076923077 0.125 0.12259615384615384
2 0.9819711538461539 0.65625 0.03125 0.125
2 0.9675480769230769 0.7199519230769231 0.06009615384615385 0.12259615384615384
2 0.953125 0.7788461538461539 0.0889423076923077 0.125
2 0.9362980769230769 0.8365384615384616 0.125 0.12259615384615384
2 0.9110576923076923 0.9134615384615384 0.125 0.12259615384615384