2 0.6550480769230769 0.5552884615384616 0.13221153846153846 0.02403846153846154
2 0.6947115384615384 0.5288461538461539 0.12980769230769232 0.07692307692307693
2 0.7379807692307693 0.5072115384615384 0.11538461538461539 0.11538461538461539
2 0.7680288461538461 0.44471153846153844 0.11538461538461539 0.11538461538461539
2 0.8197115384615384 0.3858173076923077 0.11538461538461539 0.11538461538461539
2 0.4951923076923077 0.5408653846153846 0.11057692307692307 0.052884615384615384
2 0.5348557692307693 0.5132211538461539 0.11778846153846154 0.10817307692307693
2 0.5733173076923077 0.4639423076923077 0.11538461538461539 0.11538461538461539
2 0.6153846153846154 0.41225961538461536 0.11538461538461539 0.11538461538461539
2 0.6598557692307693 0.3557692307692308 0.1201923076923077 0.11538461538461539
2 0.6947115384615384 0.2932692307692308 0.1201923076923077 0.11538461538461539
2 0.7307692307692307 0.24158653846153846 0.1201923076923077 0.11538461538461539
2 0.4675480769230769 0.3713942307692308 0.055288461538461536 0.11778846153846154
2 0.48677884615384615 0.3112980769230769 0.09375 0.11778846153846154
2 0.5084134615384616 0.25721153846153844 0.1201923076923077 0.11538461538461539
2 0.5504807692307693 0.20432692307692307 0.1201923076923077 0.11538461538461539
2 0.5853365384615384 0.1310096153846154 0.1201923076923077 0.11538461538461539
2 0.46634615384615385 0.054086538461538464 0.052884615384615384 0.10336538461538461