2 0.24639423076923078 0.41225961538461536 0.15625 0.14423076923076922
2 0.6105769230769231 0.7860576923076923 0.04326923076923077 0.1346153846153846
2 0.625 0.8353365384615384 0.07211538461538461 0.13701923076923078
2 0.6370192307692307 0.8930288461538461 0.09615384615384616 0.13701923076923078
2 0.6514423076923077 0.9387019230769231 0.125 0.11778846153846154
2 0.6778846153846154 0.9699519230769231 0.14423076923076922 0.055288461538461536
2 0.7091346153846154 0.6947115384615384 0.15384615384615385 0.11057692307692307
2 0.7451923076923077 0.734375 0.15384615384615385 0.14423076923076922
2 0.765625 0.7956730769230769 0.15384615384615385 0.14423076923076922
2 0.7980769230769231 0.8461538461538461 0.15384615384615385 0.14423076923076922
2 0.8305288461538461 0.9038461538461539 0.12740384615384615 0.125
2 0.8545673076923077 0.9459134615384616 0.13221153846153846 0.10336538461538461
2 0.8918269230769231 0.9759615384615384 0.11538461538461539 0.04326923076923077
2 0.8449519230769231 0.6634615384615384 0.13701923076923078 0.04807692307692308
2 0.8810096153846154 0.6923076923076923 0.13701923076923078 0.10576923076923077
2 0.9026442307692307 0.7223557692307693 0.13221153846153846 0.1346153846153846
2 0.9326923076923077 0.7740384615384616 0.12980769230769232 0.13942307692307693
2 0.9507211538461539 0.8317307692307693 0.09375 0.13942307692307693
2 0.9567307692307693 0.8858173076923077 0.08173076923076923 0.13701923076923078
2 0.9771634615384616 0.9387019230769231 0.040865384615384616 0.11778846153846154