2 0.32211538461538464 0.18509615384615385 0.18990384615384615 0.12259615384615384
2 0.5733173076923077 0.3389423076923077 0.11778846153846154 0.07692307692307693
2 0.9651442307692307 0.42788461538461536 0.06490384615384616 0.10096153846153846
2 0.7007211538461539 0.15144230769230768 0.1466346153846154 0.10096153846153846
2 0.9567307692307693 0.5048076923076923 0.08173076923076923 0.08173076923076923
2 0.5024038461538461 0.5204326923076923 0.14903846153846154 0.05048076923076923
2 0.6826923076923077 0.5084134615384616 0.14903846153846154 0.07451923076923077
2 0.5384615384615384 0.4807692307692308 0.1466346153846154 0.07692307692307693
2 0.6875 0.43990384615384615 0.14903846153846154 0.09615384615384616
2 0.5324519230769231 0.39903846153846156 0.13942307692307693 0.07692307692307693
2 0.2800480769230769 0.8894230769230769 0.17548076923076922 0.10096153846153846