2 0.9579326923076923 0.07572115384615384 0.07932692307692307 0.08413461538461539
2 0.04567307692307692 0.5709134615384616 0.09134615384615384 0.18509615384615385
2 0.9194711538461539 0.8990384615384616 0.15865384615384615 0.10096153846153846
2 0.9314903846153846 0.9567307692307693 0.13221153846153846 0.08173076923076923
2 0.8990384615384616 0.8269230769230769 0.15865384615384615 0.10096153846153846
2 0.8725961538461539 0.7524038461538461 0.15865384615384615 0.10096153846153846
2 0.8533653846153846 0.6850961538461539 0.15865384615384615 0.10096153846153846
2 0.8413461538461539 0.6165865384615384 0.14423076923076922 0.10336538461538461
2 0.8305288461538461 0.5420673076923077 0.12259615384615384 0.10336538461538461
2 0.8185096153846154 0.4795673076923077 0.0985576923076923 0.10336538461538461
2 0.8137019230769231 0.41586538461538464 0.0889423076923077 0.09615384615384616
2 0.8209134615384616 0.9747596153846154 0.10336538461538461 0.04567307692307692
2 0.8137019230769231 0.9350961538461539 0.0889423076923077 0.09615384615384616
2 0.8004807692307693 0.8665865384615384 0.0625 0.0985576923076923
2 0.7872596153846154 0.796875 0.036057692307692304 0.0985576923076923