2 0.47475961538461536 0.21634615384615385 0.07211538461538461 0.10576923076923077
2 0.2956730769230769 0.4651442307692308 0.13942307692307693 0.08413461538461539
2 0.17307692307692307 0.45913461538461536 0.1201923076923077 0.07211538461538461
2 0.6935096153846154 0.019230769230769232 0.1466346153846154 0.038461538461538464
2 0.7379807692307693 0.04326923076923077 0.14903846153846154 0.08653846153846154
2 0.8052884615384616 0.0625 0.14903846153846154 0.125
2 0.8497596153846154 0.10697115384615384 0.1466346153846154 0.14903846153846154
2 0.6009615384615384 0.13581730769230768 0.0625 0.15144230769230768
2 0.625 0.18269230769230768 0.11057692307692307 0.15384615384615385
2 0.6754807692307693 0.2127403846153846 0.1466346153846154 0.14903846153846154
2 0.7367788461538461 0.2668269230769231 0.1466346153846154 0.14903846153846154
2 0.6009615384615384 0.3894230769230769 0.0625 0.15384615384615385
2 0.6262019230769231 0.43990384615384615 0.11298076923076923 0.15384615384615385
2 0.9603365384615384 0.5216346153846154 0.07451923076923077 0.15384615384615385
2 0.5901442307692307 0.5396634615384616 0.040865384615384616 0.15144230769230768