2 0.021634615384615384 0.6021634615384616 0.04326923076923077 0.06971153846153846
2 0.4807692307692308 0.35216346153846156 0.07211538461538461 0.1466346153846154
2 0.4182692307692308 0.36177884615384615 0.11057692307692307 0.14423076923076922
2 0.34375 0.34615384615384615 0.11057692307692307 0.14423076923076922
2 0.2620192307692308 0.3485576923076923 0.11057692307692307 0.14423076923076922
2 0.14783653846153846 0.3581730769230769 0.11057692307692307 0.14423076923076922
2 0.09375 0.3389423076923077 0.11057692307692307 0.14423076923076922
2 0.018028846153846152 0.35697115384615385 0.036057692307692304 0.1466346153846154
2 0.02283653846153846 0.20552884615384615 0.04567307692307692 0.1466346153846154
2 0.08413461538461539 0.22115384615384615 0.11057692307692307 0.14423076923076922
2 0.16706730769230768 0.21033653846153846 0.11057692307692307 0.14423076923076922
2 0.25721153846153844 0.21634615384615385 0.11057692307692307 0.14423076923076922
2 0.3425480769230769 0.21995192307692307 0.11057692307692307 0.14423076923076922
2 0.40625 0.23197115384615385 0.11057692307692307 0.14423076923076922
2 0.4795673076923077 0.22716346153846154 0.07451923076923077 0.1466346153846154
2 0.9567307692307693 0.4362980769230769 0.08173076923076923 0.08413461538461539
2 0.054086538461538464 0.6754807692307693 0.10817307692307693 0.07211538461538461