2 0.4375 0.08533653846153846 0.07932692307692307 0.12259615384615384
2 0.3581730769230769 0.06490384615384616 0.07932692307692307 0.12259615384615384
2 0.2956730769230769 0.06490384615384616 0.07932692307692307 0.12259615384615384
2 0.22115384615384615 0.06129807692307692 0.07932692307692307 0.12259615384615384
2 0.15144230769230768 0.05889423076923077 0.08173076923076923 0.11778846153846154
2 0.09254807692307693 0.06129807692307692 0.07932692307692307 0.12259615384615384
2 0.030048076923076924 0.10576923076923077 0.06009615384615385 0.125
2 0.027644230769230768 0.47596153846153844 0.055288461538461536 0.125
2 0.07692307692307693 0.484375 0.07932692307692307 0.12259615384615384
2 0.15384615384615385 0.4855769230769231 0.08173076923076923 0.1201923076923077
2 0.21153846153846154 0.4855769230769231 0.08173076923076923 0.1201923076923077
2 0.29086538461538464 0.4879807692307692 0.08173076923076923 0.11538461538461539
2 0.35336538461538464 0.4891826923076923 0.08173076923076923 0.11298076923076923
2 0.4230769230769231 0.49158653846153844 0.08173076923076923 0.10817307692307693
2 0.4326923076923077 0.3713942307692308 0.07932692307692307 0.12259615384615384
2 0.6069711538461539 0.30528846153846156 0.040865384615384616 0.125
2 0.03485576923076923 0.3581730769230769 0.06971153846153846 0.125
2 0.10336538461538461 0.34975961538461536 0.07932692307692307 0.12259615384615384
2 0.15504807692307693 0.36778846153846156 0.07932692307692307 0.12259615384615384
2 0.22115384615384615 0.36778846153846156 0.07932692307692307 0.12259615384615384
2 0.3004807692307692 0.36778846153846156 0.07932692307692307 0.12259615384615384
2 0.36538461538461536 0.375 0.07932692307692307 0.12259615384615384
2 0.5024038461538461 0.36177884615384615 0.07211538461538461 0.14903846153846154
2 0.13942307692307693 0.6466346153846154 0.06490384615384616 0.1346153846153846
2 0.41947115384615385 0.6550480769230769 0.06490384615384616 0.1346153846153846
2 0.4891826923076923 0.6598557692307693 0.06490384615384616 0.1346153846153846
2 0.6177884615384616 0.6502403846153846 0.019230769230769232 0.13701923076923078
2 0.6141826923076923 0.6430288461538461 0.026442307692307692 0.13701923076923078