2 0.17067307692307693 0.027644230769230768 0.15865384615384615 0.055288461538461536
2 0.14182692307692307 0.1045673076923077 0.15625 0.12259615384615384
2 0.15144230769230768 0.16105769230769232 0.15625 0.12259615384615384
2 0.11298076923076923 0.27524038461538464 0.15625 0.12259615384615384
2 0.2668269230769231 0.26322115384615385 0.15625 0.125
2 0.2668269230769231 0.16826923076923078 0.15625 0.12259615384615384
2 0.2920673076923077 0.08533653846153846 0.15625 0.12259615384615384
2 0.3016826923076923 0.028846153846153848 0.15625 0.057692307692307696
2 0.8774038461538461 0.18509615384615385 0.10817307692307693 0.0673076923076923
2 0.9651442307692307 0.22596153846153846 0.06490384615384616 0.10096153846153846
9 0.8882211538461539 0.5757211538461539 0.21153846153846154 0.15865384615384615
2 0.9326923076923077 0.7680288461538461 0.12980769230769232 0.11778846153846154
2 0.9242788461538461 0.8665865384615384 0.1466346153846154 0.13701923076923078