2 0.018028846153846152 0.17548076923076922 0.036057692307692304 0.1346153846153846
2 0.06370192307692307 0.20192307692307693 0.08653846153846154 0.13221153846153846
2 0.12980769230769232 0.21514423076923078 0.08653846153846154 0.13221153846153846
2 0.19110576923076922 0.22956730769230768 0.08653846153846154 0.13221153846153846
2 0.25600961538461536 0.3425480769230769 0.0889423076923077 0.026442307692307692
2 0.17668269230769232 0.3245192307692308 0.0889423076923077 0.0625
2 0.11658653846153846 0.31850961538461536 0.0889423076923077 0.07451923076923077
2 0.04326923076923077 0.31009615384615385 0.08653846153846154 0.09134615384615384
2 0.171875 0.9435096153846154 0.11778846153846154 0.10817307692307693
2 0.1971153846153846 0.84375 0.11298076923076923 0.11298076923076923
2 0.22716346153846154 0.6538461538461539 0.11298076923076923 0.11298076923076923
2 0.27524038461538464 0.4375 0.11298076923076923 0.11298076923076923
2 0.265625 0.38100961538461536 0.11778846153846154 0.04567307692307692
2 0.42908653846153844 0.9723557692307693 0.07451923076923077 0.05048076923076923