2 0.30649038461538464 0.018028846153846152 0.1466346153846154 0.036057692307692304
2 0.30408653846153844 0.056490384615384616 0.18269230769230768 0.0985576923076923
2 0.1466346153846154 0.03485576923076923 0.14423076923076922 0.06971153846153846
2 0.6213942307692307 0.19471153846153846 0.17307692307692307 0.10336538461538461
2 0.6358173076923077 0.12379807692307693 0.12980769230769232 0.08173076923076923
2 0.6622596153846154 0.013221153846153846 0.13701923076923078 0.026442307692307692
2 0.49759615384615385 0.4170673076923077 0.07692307692307693 0.13701923076923078
2 0.42908653846153844 0.7668269230769231 0.055288461538461536 0.15865384615384615
2 0.3762019230769231 0.8954326923076923 0.16105769230769232 0.1201923076923077
2 0.1622596153846154 0.7103365384615384 0.10817307692307693 0.1658653846153846
2 0.03125 0.6634615384615384 0.0625 0.14903846153846154