2 0.31009615384615385 0.3545673076923077 0.03365384615384615 0.07932692307692307
2 0.9807692307692307 0.14783653846153846 0.03365384615384615 0.17548076923076922
2 0.921875 0.09134615384615384 0.10576923076923077 0.17548076923076922
2 0.7596153846153846 0.06490384615384616 0.11057692307692307 0.12980769230769232
2 0.6141826923076923 0.07572115384615384 0.12740384615384615 0.15144230769230768
2 0.9555288461538461 0.44711538461538464 0.08413461538461539 0.07692307692307693
2 0.921875 0.4651442307692308 0.12259615384615384 0.11298076923076923
2 0.8629807692307693 0.5 0.1201923076923077 0.12980769230769232
2 0.8112980769230769 0.5432692307692307 0.1201923076923077 0.12980769230769232
2 0.7608173076923077 0.5817307692307693 0.1201923076923077 0.12980769230769232
2 0.7163461538461539 0.6262019230769231 0.11538461538461539 0.11538461538461539
2 0.6538461538461539 0.6574519230769231 0.11538461538461539 0.11538461538461539
2 0.59375 0.7079326923076923 0.11538461538461539 0.11538461538461539
2 0.7788461538461539 0.4230769230769231 0.11538461538461539 0.028846153846153848
2 0.7223557692307693 0.44471153846153844 0.11778846153846154 0.07211538461538461
2 0.6682692307692307 0.4639423076923077 0.11538461538461539 0.11057692307692307
2 0.6177884615384616 0.5048076923076923 0.11538461538461539 0.11538461538461539
2 0.5637019230769231 0.5492788461538461 0.11538461538461539 0.1201923076923077
2 0.5012019230769231 0.5865384615384616 0.11538461538461539 0.1201923076923077
2 0.45072115384615385 0.6213942307692307 0.11538461538461539 0.1201923076923077
2 0.46153846153846156 0.4338942307692308 0.11538461538461539 0.05048076923076923
2 0.4098557692307692 0.45552884615384615 0.11778846153846154 0.09375
2 0.36177884615384615 0.47716346153846156 0.06490384615384616 0.12259615384615384