2 0.28125 0.9807692307692307 0.16826923076923078 0.03365384615384615
2 0.8629807692307693 0.6586538461538461 0.10096153846153846 0.15865384615384615
2 0.8353365384615384 0.8161057692307693 0.10096153846153846 0.15865384615384615
2 0.5673076923076923 0.7331730769230769 0.07692307692307693 0.16346153846153846
2 0.6274038461538461 0.75 0.10096153846153846 0.15865384615384615
2 0.6923076923076923 0.7704326923076923 0.10096153846153846 0.15865384615384615
2 0.7596153846153846 0.7896634615384616 0.10096153846153846 0.15865384615384615
2 0.7932692307692307 0.6358173076923077 0.10096153846153846 0.15865384615384615
2 0.7247596153846154 0.6201923076923077 0.10096153846153846 0.15865384615384615
2 0.65625 0.6021634615384616 0.10096153846153846 0.15865384615384615
2 0.5877403846153846 0.5829326923076923 0.10576923076923077 0.15865384615384615
2 0.546875 0.5661057692307693 0.036057692307692304 0.16105769230769232