2 0.734375 0.5913461538461539 0.1466346153846154 0.09134615384615384
2 0.75 0.5204326923076923 0.14423076923076922 0.11057692307692307
2 0.7379807692307693 0.44711538461538464 0.14423076923076922 0.11057692307692307
2 0.7463942307692307 0.3629807692307692 0.14423076923076922 0.11057692307692307
2 0.7644230769230769 0.25 0.14423076923076922 0.11057692307692307
2 0.7475961538461539 0.19591346153846154 0.14423076923076922 0.11057692307692307
2 0.7740384615384616 0.08173076923076923 0.14423076923076922 0.11057692307692307
2 0.6754807692307693 0.10216346153846154 0.03365384615384615 0.11298076923076923
2 0.6814903846153846 0.19591346153846154 0.04567307692307692 0.11298076923076923
2 0.6730769230769231 0.2776442307692308 0.028846153846153848 0.11298076923076923
2 0.6730769230769231 0.36658653846153844 0.028846153846153848 0.11298076923076923
2 0.6730769230769231 0.45552884615384615 0.028846153846153848 0.11298076923076923
2 0.6766826923076923 0.5168269230769231 0.036057692307692304 0.11057692307692307
2 0.5552884615384616 0.9711538461538461 0.07692307692307693 0.052884615384615384
2 0.5625 0.8605769230769231 0.06490384615384616 0.13701923076923078
2 0.5721153846153846 0.6947115384615384 0.07211538461538461 0.11057692307692307