9 0.15745192307692307 0.41225961538461536 0.2283653846153846 0.06971153846153846
2 0.4483173076923077 0.43028846153846156 0.06009615384615385 0.03365384615384615
2 0.546875 0.40865384615384615 0.15625 0.07692307692307693
2 0.6814903846153846 0.38822115384615385 0.1466346153846154 0.0889423076923077
2 0.9579326923076923 0.29447115384615385 0.07932692307692307 0.10817307692307693
2 0.46875 0.37740384615384615 0.10096153846153846 0.10096153846153846
2 0.9026442307692307 0.030048076923076924 0.12259615384615384 0.06009615384615385
2 0.7512019230769231 0.05048076923076923 0.14182692307692307 0.10096153846153846
2 0.5901442307692307 0.08052884615384616 0.15625 0.11778846153846154
8 0.27884615384615385 0.9423076923076923 0.2692307692307692 0.11057692307692307
2 0.28846153846153844 0.5853365384615384 0.18269230769230768 0.2091346153846154