2 0.578125 0.16706730769230768 0.13221153846153846 0.09134615384615384
2 0.7391826923076923 0.2127403846153846 0.13221153846153846 0.09134615384615384
2 0.9278846153846154 0.23677884615384615 0.13942307692307693 0.040865384615384616
2 0.9435096153846154 0.014423076923076924 0.08413461538461539 0.028846153846153848
2 0.2403846153846154 0.9302884615384616 0.125 0.1346153846153846
2 0.15625 0.9783653846153846 0.12980769230769232 0.038461538461538464
9 0.24158653846153846 0.7331730769230769 0.13221153846153846 0.1778846153846154
2 0.16346153846153846 0.8689903846153846 0.10817307692307693 0.15384615384615385
2 0.22956730769230768 0.5504807692307693 0.11538461538461539 0.15625
2 0.15384615384615385 0.6923076923076923 0.0985576923076923 0.15625
2 0.2668269230769231 0.30288461538461536 0.11298076923076923 0.05048076923076923
2 0.06370192307692307 0.8834134615384616 0.11778846153846154 0.1658653846153846
2 0.14182692307692307 0.5072115384615384 0.11538461538461539 0.15865384615384615
2 0.17908653846153846 0.32572115384615385 0.12259615384615384 0.13221153846153846
2 0.11057692307692307 0.3425480769230769 0.13942307692307693 0.1658653846153846
2 0.028846153846153848 0.46875 0.057692307692307696 0.13942307692307693
2 0.625 0.8461538461538461 0.17548076923076922 0.13942307692307693