2 0.15985576923076922 0.3389423076923077 0.18509615384615385 0.21634615384615385
3 0.6947115384615384 0.4639423076923077 0.07211538461538461 0.08653846153846154
3 0.6177884615384616 0.5697115384615384 0.0673076923076923 0.057692307692307696
3 0.7355769230769231 0.5757211538461539 0.10576923076923077 0.07451923076923077
3 0.6069711538461539 0.6045673076923077 0.06971153846153846 0.06971153846153846
3 0.7043269230769231 0.6177884615384616 0.08653846153846154 0.08173076923076923
3 0.59375 0.6322115384615384 0.0625 0.0625
3 0.5685096153846154 0.6490384615384616 0.06009615384615385 0.07692307692307693
3 0.6899038461538461 0.6574519230769231 0.07692307692307693 0.06009615384615385
3 0.6802884615384616 0.6923076923076923 0.0625 0.04326923076923077
3 0.6610576923076923 0.7115384615384616 0.0673076923076923 0.0625
3 0.6322115384615384 0.7355769230769231 0.09134615384615384 0.07211538461538461
3 0.6141826923076923 0.7620192307692307 0.06971153846153846 0.057692307692307696
3 0.5805288461538461 0.7896634615384616 0.06490384615384616 0.06490384615384616
3 0.5552884615384616 0.7992788461538461 0.057692307692307696 0.040865384615384616
3 0.5336538461538461 0.8149038461538461 0.08653846153846154 0.038461538461538464
3 0.5228365384615384 0.8389423076923077 0.0889423076923077 0.0625
3 0.515625 0.8737980769230769 0.09375 0.04567307692307692
3 0.5120192307692307 0.9014423076923077 0.09134615384615384 0.03365384615384615
3 0.5384615384615384 0.9350961538461539 0.08173076923076923 0.03365384615384615
3 0.5300480769230769 0.9735576923076923 0.0985576923076923 0.04807692307692308