2 0.4338942307692308 0.27403846153846156 0.2091346153846154 0.12980769230769232
2 0.7620192307692307 0.3449519230769231 0.23557692307692307 0.1466346153846154
2 0.484375 0.039663461538461536 0.2283653846153846 0.07932692307692307
2 0.39783653846153844 0.39663461538461536 0.24759615384615385 0.14423076923076922
2 0.7259615384615384 0.4651442307692308 0.23076923076923078 0.0985576923076923
2 0.3713942307692308 0.5252403846153846 0.2764423076923077 0.15144230769230768
2 0.7584134615384616 0.5961538461538461 0.12259615384615384 0.11057692307692307
2 0.5108173076923077 0.7415865384615384 0.18990384615384615 0.0889423076923077
2 0.35216346153846156 0.8473557692307693 0.21875 0.13701923076923078
2 0.20072115384615385 0.9326923076923077 0.2860576923076923 0.12980769230769232
2 0.8028846153846154 0.10096153846153846 0.24519230769230768 0.12980769230769232
2 0.44711538461538464 0.140625 0.22596153846153846 0.14182692307692307
2 0.23076923076923078 0.17067307692307693 0.14423076923076922 0.2403846153846154
2 0.7800480769230769 0.21754807692307693 0.2620192307692308 0.1466346153846154