3 0.21153846153846154 0.24519230769230768 0.038461538461538464 0.08653846153846154
3 0.24759615384615385 0.25721153846153844 0.03365384615384615 0.09134615384615384
3 0.2848557692307692 0.2848557692307692 0.040865384615384616 0.09375
3 0.33653846153846156 0.3016826923076923 0.04807692307692308 0.07932692307692307
3 0.14783653846153846 0.31490384615384615 0.055288461538461536 0.10096153846153846
3 0.37259615384615385 0.3317307692307692 0.028846153846153848 0.08653846153846154
3 0.1814903846153846 0.3449519230769231 0.05048076923076923 0.0889423076923077
3 0.4050480769230769 0.36899038461538464 0.036057692307692304 0.0889423076923077
3 0.21153846153846154 0.375 0.057692307692307696 0.09134615384615384
3 0.24759615384615385 0.40625 0.04807692307692308 0.10096153846153846
3 0.3125 0.4230769230769231 0.052884615384615384 0.11538461538461539
2 0.7427884615384616 0.6730769230769231 0.125 0.19230769230769232
2 0.8858173076923077 0.7403846153846154 0.12259615384615384 0.1971153846153846
3 0.039663461538461536 0.109375 0.055288461538461536 0.10336538461538461
3 0.11057692307692307 0.16706730769230768 0.03365384615384615 0.07932692307692307
3 0.1502403846153846 0.18028846153846154 0.040865384615384616 0.07692307692307693
3 0.1778846153846154 0.2091346153846154 0.052884615384615384 0.09134615384615384