2 0.3401442307692308 0.3173076923076923 0.23798076923076922 0.17307692307692307
2 0.3233173076923077 0.45072115384615385 0.23798076923076922 0.13221153846153846
2 0.03365384615384615 0.4795673076923077 0.0673076923076923 0.11298076923076923
2 0.8557692307692307 0.5264423076923077 0.23076923076923078 0.15865384615384615
2 0.2764423076923077 0.5709134615384616 0.21634615384615385 0.15625
2 0.7800480769230769 0.6478365384615384 0.2668269230769231 0.1658653846153846
2 0.96875 0.6947115384615384 0.057692307692307696 0.11057692307692307
2 0.23798076923076922 0.6971153846153846 0.22596153846153846 0.14903846153846154
2 0.7463942307692307 0.7596153846153846 0.24278846153846154 0.16826923076923078
2 0.1502403846153846 0.8125 0.25240384615384615 0.16826923076923078
2 0.6947115384615384 0.8689903846153846 0.23076923076923078 0.16105769230769232
2 0.7079326923076923 0.09134615384615384 0.24759615384615385 0.16826923076923078
2 0.9158653846153846 0.9459134615384616 0.16346153846153846 0.10336538461538461
2 0.6081730769230769 0.9483173076923077 0.25 0.0985576923076923