3 0.15985576923076922 0.26802884615384615 0.040865384615384616 0.06971153846153846
3 0.27403846153846156 0.30408653846153844 0.04326923076923077 0.08413461538461539
3 0.11177884615384616 0.37259615384615385 0.06009615384615385 0.08653846153846154
3 0.3401442307692308 0.3870192307692308 0.07451923076923077 0.07211538461538461
3 0.203125 0.390625 0.055288461538461536 0.07451923076923077
3 0.2439903846153846 0.43028846153846156 0.040865384615384616 0.07211538461538461
3 0.31971153846153844 0.44591346153846156 0.08173076923076923 0.04567307692307692
3 0.11057692307692307 0.4735576923076923 0.057692307692307696 0.08653846153846154
3 0.3016826923076923 0.47596153846153844 0.07451923076923077 0.057692307692307696
3 0.14903846153846154 0.484375 0.04807692307692308 0.08413461538461539
3 0.21754807692307693 0.5 0.06971153846153846 0.07211538461538461
3 0.28725961538461536 0.515625 0.08413461538461539 0.055288461538461536
2 0.421875 0.5228365384615384 0.13221153846153846 0.18509615384615385
3 0.27283653846153844 0.5588942307692307 0.09375 0.055288461538461536
2 0.75 0.703125 0.15384615384615385 0.2091346153846154
3 0.8473557692307693 0.7367788461538461 0.040865384615384616 0.08413461538461539
3 0.8954326923076923 0.7596153846153846 0.040865384615384616 0.07211538461538461
3 0.9435096153846154 0.7788461538461539 0.06490384615384616 0.08173076923076923
2 0.11057692307692307 0.9447115384615384 0.1346153846153846 0.10576923076923077
2 0.24278846153846154 0.9771634615384616 0.10096153846153846 0.040865384615384616