3 0.6189903846153846 0.24759615384615385 0.07451923076923077 0.038461538461538464
3 0.5132211538461539 0.29447115384615385 0.07932692307692307 0.055288461538461536
2 0.09134615384615384 0.3076923076923077 0.18269230769230768 0.16826923076923078
2 0.06009615384615385 0.4375 0.1201923076923077 0.14423076923076922
3 0.45072115384615385 0.5180288461538461 0.055288461538461536 0.07932692307692307
3 0.5685096153846154 0.5432692307692307 0.08413461538461539 0.0625
2 0.038461538461538464 0.5661057692307693 0.07692307692307693 0.11778846153846154
3 0.6490384615384616 0.5913461538461539 0.08653846153846154 0.08173076923076923
3 0.5324519230769231 0.6201923076923077 0.07451923076923077 0.04807692307692308
3 0.41947115384615385 0.6358173076923077 0.06490384615384616 0.08413461538461539
3 0.6237980769230769 0.640625 0.07932692307692307 0.055288461538461536
3 0.6105769230769231 0.6706730769230769 0.07692307692307693 0.057692307692307696
3 0.4519230769230769 0.71875 0.08173076923076923 0.04807692307692308
3 0.5552884615384616 0.7644230769230769 0.07692307692307693 0.052884615384615384
2 0.0673076923076923 0.7764423076923077 0.1346153846153846 0.23557692307692307
2 0.38822115384615385 0.9086538461538461 0.22355769230769232 0.1778846153846154
2 0.30288461538461536 0.9639423076923077 0.18269230769230768 0.0673076923076923
2 0.09615384615384616 0.14423076923076922 0.19230769230769232 0.1875
3 0.5625 0.22355769230769232 0.08173076923076923 0.02403846153846154