3 0.16706730769230768 0.27524038461538464 0.055288461538461536 0.0889423076923077
3 0.20552884615384615 0.2824519230769231 0.06009615384615385 0.07932692307692307
3 0.23317307692307693 0.3076923076923077 0.028846153846153848 0.08173076923076923
3 0.2608173076923077 0.3245192307692308 0.04567307692307692 0.08653846153846154
3 0.09254807692307693 0.3425480769230769 0.06009615384615385 0.08413461538461539
3 0.28846153846153844 0.34615384615384615 0.038461538461538464 0.07211538461538461
3 0.1310096153846154 0.36778846153846156 0.040865384615384616 0.07211538461538461
3 0.35216346153846156 0.3762019230769231 0.04567307692307692 0.0985576923076923
3 0.39903846153846156 0.38822115384615385 0.038461538461538464 0.07451923076923077
3 0.1502403846153846 0.40384615384615385 0.040865384615384616 0.0673076923076923
3 0.16947115384615385 0.421875 0.036057692307692304 0.07451923076923077
3 0.19471153846153846 0.4387019230769231 0.04807692307692308 0.09375
3 0.24278846153846154 0.4483173076923077 0.038461538461538464 0.08413461538461539
3 0.30649038461538464 0.4675480769230769 0.06009615384615385 0.0889423076923077
2 0.45913461538461536 0.4723557692307692 0.13942307692307693 0.1466346153846154
2 0.6009615384615384 0.5492788461538461 0.1971153846153846 0.20432692307692307
2 0.7475961538461539 0.6286057692307693 0.21634615384615385 0.21394230769230768
3 0.9206730769230769 0.6850961538461539 0.08173076923076923 0.07211538461538461
2 0.3125 0.9735576923076923 0.16826923076923078 0.04807692307692308