3 0.6466346153846154 0.2403846153846154 0.08173076923076923 0.0673076923076923
3 0.38100961538461536 0.24639423076923078 0.0889423076923077 0.06009615384615385
3 0.5216346153846154 0.2644230769230769 0.08173076923076923 0.057692307692307696
3 0.35697115384615385 0.28125 0.07932692307692307 0.057692307692307696
3 0.6310096153846154 0.28966346153846156 0.08413461538461539 0.06490384615384616
3 0.4723557692307692 0.2980769230769231 0.07932692307692307 0.057692307692307696
3 0.3425480769230769 0.3173076923076923 0.06971153846153846 0.0673076923076923
3 0.5817307692307693 0.3269230769230769 0.07211538461538461 0.07692307692307693
3 0.4519230769230769 0.328125 0.07211538461538461 0.05048076923076923
3 0.44471153846153844 0.3605769230769231 0.09134615384615384 0.0625
3 0.5444711538461539 0.3942307692307692 0.07932692307692307 0.0625
3 0.28846153846153844 0.3954326923076923 0.08653846153846154 0.055288461538461536
3 0.41586538461538464 0.39903846153846156 0.07692307692307693 0.07692307692307693
3 0.27524038461538464 0.4266826923076923 0.08413461538461539 0.055288461538461536
3 0.5372596153846154 0.4362980769230769 0.0889423076923077 0.04567307692307692
3 0.3918269230769231 0.4411057692307692 0.07692307692307693 0.055288461538461536
3 0.5228365384615384 0.46153846153846156 0.07932692307692307 0.0673076923076923
3 0.3737980769230769 0.47115384615384615 0.07932692307692307 0.0625
3 0.47596153846153844 0.4879807692307692 0.07692307692307693 0.057692307692307696
3 0.4651442307692308 0.5396634615384616 0.08413461538461539 0.06971153846153846
2 0.27403846153846156 0.5625 0.24519230769230768 0.18269230769230768
2 0.33653846153846156 0.796875 0.125 0.1658653846153846
8 0.84375 0.8461538461538461 0.21153846153846154 0.1971153846153846
2 0.11057692307692307 0.8725961538461539 0.22115384615384615 0.18269230769230768
8 0.7680288461538461 0.9206730769230769 0.2283653846153846 0.15384615384615385
3 0.6538461538461539 0.0985576923076923 0.08173076923076923 0.09134615384615384
2 0.9290865384615384 0.1141826923076923 0.13701923076923078 0.2283653846153846
3 0.5673076923076923 0.1346153846153846 0.09615384615384616 0.057692307692307696
3 0.6502403846153846 0.171875 0.07451923076923077 0.06971153846153846
3 0.4182692307692308 0.18990384615384615 0.08653846153846154 0.07692307692307693
3 0.5480769230769231 0.21995192307692307 0.08173076923076923 0.04567307692307692