2 0.45072115384615385 0.29447115384615385 0.25721153846153844 0.17548076923076922
3 0.036057692307692304 0.03125 0.07211538461538461 0.0625
2 0.6646634615384616 0.44591346153846156 0.22355769230769232 0.15144230769230768
2 0.8617788461538461 0.5168269230769231 0.23317307692307693 0.19230769230769232
3 0.15745192307692307 0.6899038461538461 0.0889423076923077 0.0625
2 0.9266826923076923 0.7932692307692307 0.14182692307692307 0.1346153846153846
2 0.2403846153846154 0.8521634615384616 0.21153846153846154 0.15625
3 0.13341346153846154 0.09375 0.055288461538461536 0.10096153846153846
3 0.6334134615384616 0.9399038461538461 0.0985576923076923 0.07211538461538461
3 0.22115384615384615 0.11899038461538461 0.0673076923076923 0.08413461538461539
3 0.04567307692307692 0.16466346153846154 0.07211538461538461 0.0985576923076923
2 0.3137019230769231 0.21634615384615385 0.23317307692307693 0.13942307692307693
3 0.109375 0.21754807692307693 0.06490384615384616 0.08413461538461539