2 0.921875 0.3137019230769231 0.15144230769230768 0.17548076923076922
2 0.055288461538461536 0.3329326923076923 0.08653846153846154 0.15144230769230768
2 0.15264423076923078 0.3449519230769231 0.11778846153846154 0.16105769230769232
2 0.2848557692307692 0.36778846153846156 0.15625 0.20192307692307693
2 0.8557692307692307 0.42788461538461536 0.1971153846153846 0.1875
2 0.7764423076923077 0.515625 0.22596153846153846 0.19951923076923078
2 0.71875 0.6322115384615384 0.21153846153846154 0.1778846153846154
3 0.5036057692307693 0.6634615384615384 0.06009615384615385 0.08653846153846154
3 0.5552884615384616 0.6850961538461539 0.04807692307692308 0.07211538461538461
2 0.10096153846153846 0.734375 0.13942307692307693 0.15144230769230768
3 0.6634615384615384 0.7487980769230769 0.07692307692307693 0.08413461538461539
3 0.43028846153846156 0.828125 0.057692307692307696 0.06971153846153846
3 0.4735576923076923 0.8533653846153846 0.04807692307692308 0.0673076923076923
2 0.7800480769230769 0.13701923076923078 0.15625 0.1778846153846154
2 0.9435096153846154 0.1875 0.10817307692307693 0.15865384615384615