3 0.4074519230769231 0.25721153846153844 0.10336538461538461 0.0625
2 0.19591346153846154 0.5012019230769231 0.23317307692307693 0.19471153846153846
2 0.8317307692307693 0.5240384615384616 0.2548076923076923 0.125
2 0.15264423076923078 0.6310096153846154 0.21875 0.19951923076923078
2 0.9026442307692307 0.6394230769230769 0.18990384615384615 0.15384615384615385
8 0.6742788461538461 0.6478365384615384 0.19471153846153846 0.17548076923076922
2 0.056490384615384616 0.7548076923076923 0.09375 0.09615384615384616
3 0.7596153846153846 0.7848557692307693 0.09134615384615384 0.05048076923076923
3 0.7487980769230769 0.8173076923076923 0.09375 0.0625
3 0.8509615384615384 0.8365384615384616 0.08653846153846154 0.0673076923076923
3 0.8317307692307693 0.8701923076923077 0.08173076923076923 0.052884615384615384
3 0.9423076923076923 0.8966346153846154 0.10096153846153846 0.0625
3 0.43028846153846156 0.9014423076923077 0.038461538461538464 0.10096153846153846
3 0.47115384615384615 0.9014423076923077 0.052884615384615384 0.09134615384615384
3 0.8185096153846154 0.9086538461538461 0.09375 0.052884615384615384
3 0.39663461538461536 0.9134615384615384 0.03365384615384615 0.10096153846153846
3 0.3762019230769231 0.9146634615384616 0.03125 0.0985576923076923
3 0.9158653846153846 0.9314903846153846 0.09134615384615384 0.04567307692307692
3 0.8161057692307693 0.9495192307692307 0.09375 0.0625
3 0.9086538461538461 0.9579326923076923 0.09134615384615384 0.055288461538461536
2 0.15504807692307693 0.11778846153846154 0.20432692307692307 0.18269230769230768
3 0.3449519230769231 0.14423076923076922 0.07451923076923077 0.0673076923076923
3 0.2932692307692308 0.20192307692307693 0.08653846153846154 0.04326923076923077