2 0.47716346153846156 0.25841346153846156 0.22355769230769232 0.19471153846153846
3 0.03125 0.40384615384615385 0.052884615384615384 0.10096153846153846
3 0.0673076923076923 0.44471153846153844 0.04807692307692308 0.09134615384615384
3 0.2704326923076923 0.5108173076923077 0.040865384615384616 0.0889423076923077
3 0.21153846153846154 0.5288461538461539 0.07692307692307693 0.11057692307692307
3 0.3137019230769231 0.5480769230769231 0.07451923076923077 0.11057692307692307
3 0.6526442307692307 0.6358173076923077 0.08413461538461539 0.06971153846153846
3 0.5985576923076923 0.8016826923076923 0.08653846153846154 0.08413461538461539
2 0.7740384615384616 0.8401442307692307 0.16346153846153846 0.22355769230769232
3 0.6586538461538461 0.8497596153846154 0.038461538461538464 0.07451923076923077
2 0.23918269230769232 0.0985576923076923 0.24278846153846154 0.19230769230769232