2 0.11658653846153846 0.025240384615384616 0.18028846153846154 0.05048076923076923
2 0.05048076923076923 0.9158653846153846 0.10096153846153846 0.08173076923076923
2 0.22596153846153846 0.8798076923076923 0.13701923076923078 0.08413461538461539
2 0.3557692307692308 0.8569711538461539 0.11778846153846154 0.07932692307692307
2 0.47836538461538464 0.8173076923076923 0.07692307692307693 0.08173076923076923
2 0.18870192307692307 0.5913461538461539 0.07451923076923077 0.08653846153846154
2 0.05048076923076923 0.6213942307692307 0.08173076923076923 0.1201923076923077
2 0.12620192307692307 0.6021634615384616 0.08413461538461539 0.10817307692307693
2 0.27283653846153844 0.5817307692307693 0.07451923076923077 0.0673076923076923
2 0.3473557692307692 0.5757211538461539 0.07932692307692307 0.055288461538461536
2 0.41947115384615385 0.5793269230769231 0.0889423076923077 0.0625