2 0.7175480769230769 0.5600961538461539 0.16105769230769232 0.03365384615384615
2 0.8545673076923077 0.5372596153846154 0.15625 0.07932692307692307
2 0.7451923076923077 0.49038461538461536 0.12980769230769232 0.07932692307692307
2 0.9459134615384616 0.4050480769230769 0.10336538461538461 0.08413461538461539
2 0.5144230769230769 0.4579326923076923 0.052884615384615384 0.12259615384615384
2 0.4699519230769231 0.9110576923076923 0.03125 0.11057692307692307
2 0.3798076923076923 0.84375 0.10096153846153846 0.125
9 0.06490384615384616 0.8942307692307693 0.12980769230769232 0.1201923076923077
2 0.1658653846153846 0.6105769230769231 0.1201923076923077 0.0625
2 0.515625 0.9759615384615384 0.055288461538461536 0.04326923076923077
2 0.7608173076923077 0.7475961538461539 0.15144230769230768 0.09134615384615384
2 0.9086538461538461 0.7295673076923077 0.1201923076923077 0.06971153846153846