2 0.019230769230769232 0.5805288461538461 0.038461538461538464 0.12740384615384615
9 0.1935096153846154 0.640625 0.0985576923076923 0.17548076923076922
2 0.24759615384615385 0.6850961538461539 0.07451923076923077 0.13701923076923078
9 0.328125 0.6935096153846154 0.0985576923076923 0.17067307692307693
2 0.9735576923076923 0.3954326923076923 0.04807692307692308 0.055288461538461536
2 0.6911057692307693 0.4375 0.13701923076923078 0.07932692307692307
2 0.5192307692307693 0.4639423076923077 0.0985576923076923 0.0889423076923077
2 0.4182692307692308 0.46153846153846156 0.07692307692307693 0.08173076923076923
2 0.7079326923076923 0.7295673076923077 0.10576923076923077 0.07692307692307693
2 0.8641826923076923 0.7163461538461539 0.12740384615384615 0.07451923076923077
2 0.9783653846153846 0.7079326923076923 0.038461538461538464 0.09375
2 0.5384615384615384 0.7536057692307693 0.12980769230769232 0.07932692307692307