2 0.5192307692307693 0.05889423076923077 0.07211538461538461 0.11778846153846154
2 0.515625 0.2956730769230769 0.07932692307692307 0.10096153846153846
2 0.53125 0.3581730769230769 0.04807692307692308 0.10096153846153846
2 0.7800480769230769 0.5204326923076923 0.10817307692307693 0.06971153846153846
2 0.2956730769230769 0.5949519230769231 0.14903846153846154 0.07451923076923077
2 0.055288461538461536 0.6201923076923077 0.11057692307692307 0.125
2 0.0625 0.6923076923076923 0.125 0.14423076923076922
2 0.08173076923076923 0.7728365384615384 0.16346153846153846 0.1466346153846154
2 0.08774038461538461 0.8473557692307693 0.1658653846153846 0.14182692307692307
2 0.11538461538461539 0.9266826923076923 0.16826923076923078 0.14182692307692307
2 0.16346153846153846 0.9819711538461539 0.16826923076923078 0.03125
2 0.037259615384615384 0.9387019230769231 0.07451923076923077 0.11778846153846154
2 0.025240384615384616 0.8665865384615384 0.05048076923076923 0.1466346153846154
2 0.021634615384615384 0.8016826923076923 0.04326923076923077 0.1466346153846154
2 0.7163461538461539 0.9483173076923077 0.1201923076923077 0.0985576923076923
2 0.6322115384615384 0.8269230769230769 0.0985576923076923 0.13942307692307693
2 0.5769230769230769 0.6658653846153846 0.038461538461538464 0.15865384615384615