2 0.15625 0.06850961538461539 0.16826923076923078 0.13701923076923078
2 0.07211538461538461 0.23557692307692307 0.14423076923076922 0.14903846153846154
2 0.8629807692307693 0.9591346153846154 0.13942307692307693 0.07692307692307693
2 0.8293269230769231 0.8822115384615384 0.13701923076923078 0.09134615384615384
2 0.7836538461538461 0.7487980769230769 0.14182692307692307 0.09134615384615384
2 0.5600961538461539 0.9543269230769231 0.16826923076923078 0.08653846153846154
2 0.5408653846153846 0.9026442307692307 0.16105769230769232 0.13942307692307693
2 0.5240384615384616 0.8221153846153846 0.16105769230769232 0.13701923076923078
2 0.49158653846153844 0.7427884615384616 0.16105769230769232 0.13701923076923078
2 0.4807692307692308 0.6598557692307693 0.16105769230769232 0.13701923076923078
2 0.44591346153846156 0.6141826923076923 0.1658653846153846 0.0889423076923077
2 0.36899038461538464 0.6286057692307693 0.07932692307692307 0.11778846153846154
2 0.38221153846153844 0.6754807692307693 0.10576923076923077 0.13942307692307693
2 0.390625 0.7704326923076923 0.12259615384615384 0.14182692307692307
2 0.40625 0.8641826923076923 0.15384615384615385 0.14182692307692307
2 0.4074519230769231 0.9483173076923077 0.15625 0.0985576923076923
2 0.4375 0.9735576923076923 0.16826923076923078 0.04807692307692308