2 0.4879807692307692 0.19230769230769232 0.13942307692307693 0.09615384615384616
2 0.6069711538461539 0.15264423076923078 0.1466346153846154 0.09375
2 0.7439903846153846 0.0985576923076923 0.1466346153846154 0.09375
2 0.9014423076923077 0.052884615384615384 0.1466346153846154 0.09375
2 0.31490384615384615 0.9819711538461539 0.16826923076923078 0.03125
2 0.30408653846153844 0.9411057692307693 0.1658653846153846 0.11298076923076923
2 0.2764423076923077 0.8737980769230769 0.1658653846153846 0.12980769230769232
2 0.27283653846153844 0.7896634615384616 0.1658653846153846 0.12980769230769232
2 0.24278846153846154 0.7223557692307693 0.1658653846153846 0.12980769230769232
2 0.22956730769230768 0.640625 0.1658653846153846 0.12980769230769232
2 0.21995192307692307 0.5276442307692307 0.1658653846153846 0.12980769230769232
2 0.19110576923076922 0.4795673076923077 0.1658653846153846 0.12980769230769232
2 0.1875 0.4098557692307692 0.16826923076923078 0.040865384615384616
2 0.0625 0.4338942307692308 0.125 0.0889423076923077
2 0.07932692307692307 0.5012019230769231 0.15865384615384615 0.13221153846153846
2 0.08173076923076923 0.5853365384615384 0.16346153846153846 0.13221153846153846
2 0.10096153846153846 0.6706730769230769 0.1658653846153846 0.12980769230769232
2 0.1201923076923077 0.7536057692307693 0.1658653846153846 0.12980769230769232
2 0.14302884615384615 0.8125 0.1658653846153846 0.12980769230769232
2 0.15384615384615385 0.9050480769230769 0.1658653846153846 0.12980769230769232
2 0.17548076923076922 0.9651442307692307 0.16826923076923078 0.06490384615384616
2 0.9471153846153846 0.4266826923076923 0.10096153846153846 0.07451923076923077
2 0.6947115384615384 0.5805288461538461 0.13701923076923078 0.15625
2 0.47115384615384615 0.6923076923076923 0.10576923076923077 0.1346153846153846