2 0.42908653846153844 0.40625 0.11298076923076923 0.1201923076923077
9 0.375 0.21634615384615385 0.11298076923076923 0.1658653846153846
2 0.33533653846153844 0.375 0.09134615384615384 0.14182692307692307
2 0.3161057692307692 0.06009615384615385 0.10336538461538461 0.1201923076923077
2 0.2800480769230769 0.20673076923076922 0.07932692307692307 0.14903846153846154
2 0.2439903846153846 0.4050480769230769 0.10336538461538461 0.12259615384615384
2 0.22235576923076922 0.054086538461538464 0.10336538461538461 0.10817307692307693
2 0.06971153846153846 0.054086538461538464 0.11538461538461539 0.10817307692307693
2 0.33533653846153844 0.8209134615384616 0.10096153846153846 0.09134615384615384
2 0.24879807692307693 0.9338942307692307 0.1201923076923077 0.0985576923076923
2 0.020432692307692308 0.5096153846153846 0.040865384615384616 0.08173076923076923
2 0.6730769230769231 0.625 0.1875 0.125