2 0.5685096153846154 0.203125 0.11778846153846154 0.20432692307692307
1 0.33052884615384615 0.25961538461538464 0.18028846153846154 0.1658653846153846
5 0.19471153846153846 0.08653846153846154 0.16826923076923078 0.17307692307692307
2 0.7307692307692307 0.11778846153846154 0.12259615384615384 0.17307692307692307
2 0.3016826923076923 0.7283653846153846 0.13942307692307693 0.10096153846153846
2 0.9783653846153846 0.84375 0.038461538461538464 0.1346153846153846
2 0.9651442307692307 0.9567307692307693 0.06490384615384616 0.08173076923076923
2 0.8557692307692307 0.40865384615384615 0.13942307692307693 0.0889423076923077
2 0.8798076923076923 0.3629807692307692 0.12980769230769232 0.028846153846153848
2 0.8473557692307693 0.49278846153846156 0.13701923076923078 0.08413461538461539
2 0.8245192307692307 0.5625 0.14423076923076922 0.07932692307692307
2 0.8088942307692307 0.6346153846153846 0.14423076923076922 0.08653846153846154
2 0.7896634615384616 0.7079326923076923 0.15625 0.09134615384615384
2 0.7752403846153846 0.7944711538461539 0.14423076923076922 0.09134615384615384