2 0.19110576923076922 0.030048076923076924 0.10336538461538461 0.06009615384615385
2 0.42908653846153844 0.25961538461538464 0.1466346153846154 0.10096153846153846
2 0.4807692307692308 0.3125 0.11057692307692307 0.028846153846153848
2 0.25961538461538464 0.020432692307692308 0.125 0.040865384615384616
2 0.10697115384615384 0.04927884615384615 0.11298076923076923 0.0985576923076923
2 0.052884615384615384 0.06490384615384616 0.10576923076923077 0.12980769230769232
1 0.8076923076923077 0.07692307692307693 0.18269230769230768 0.15384615384615385
2 0.6502403846153846 0.10216346153846154 0.125 0.18028846153846154
2 0.6225961538461539 0.19230769230769232 0.14182692307692307 0.18269230769230768
2 0.13701923076923078 0.5288461538461539 0.12740384615384615 0.09375
2 0.36538461538461536 0.5588942307692307 0.11538461538461539 0.08653846153846154
2 0.6550480769230769 0.7740384615384616 0.10576923076923077 0.1201923076923077
2 0.9783653846153846 0.9579326923076923 0.038461538461538464 0.07451923076923077