2 0.5637019230769231 0.21033653846153846 0.12740384615384615 0.07211538461538461
2 0.6237980769230769 0.039663461538461536 0.13221153846153846 0.07211538461538461
2 0.018028846153846152 0.8341346153846154 0.036057692307692304 0.11057692307692307
2 0.10576923076923077 0.9182692307692307 0.10096153846153846 0.09375
2 0.6947115384615384 0.984375 0.1346153846153846 0.026442307692307692
2 0.9543269230769231 0.9447115384615384 0.08653846153846154 0.10096153846153846
2 0.9495192307692307 0.8629807692307693 0.09615384615384616 0.10096153846153846
2 0.9591346153846154 0.7884615384615384 0.07692307692307693 0.10096153846153846
2 0.9591346153846154 0.7067307692307693 0.07692307692307693 0.10096153846153846
2 0.9555288461538461 0.59375 0.08413461538461539 0.10096153846153846
2 0.9663461538461539 0.5384615384615384 0.0625 0.10096153846153846