2 0.9350961538461539 0.2439903846153846 0.125 0.08413461538461539
2 0.35697115384615385 0.8822115384615384 0.06009615384615385 0.12980769230769232
2 0.31850961538461536 0.7103365384615384 0.07692307692307693 0.11538461538461539
2 0.2800480769230769 0.5841346153846154 0.08413461538461539 0.07692307692307693
2 0.22716346153846154 0.41466346153846156 0.10576923076923077 0.13221153846153846
2 0.23317307692307693 0.9627403846153846 0.10096153846153846 0.06971153846153846
2 0.18028846153846154 0.53125 0.11057692307692307 0.1346153846153846
2 0.13221153846153846 0.3629807692307692 0.0889423076923077 0.13221153846153846
2 0.046875 0.40625 0.09375 0.14423076923076922
2 0.9795673076923077 0.35216346153846156 0.036057692307692304 0.08413461538461539
2 0.96875 0.4807692307692308 0.057692307692307696 0.07692307692307693
2 0.6778846153846154 0.36778846153846156 0.15384615384615385 0.08173076923076923
2 0.6574519230769231 0.4362980769230769 0.13942307692307693 0.0985576923076923