2 0.04567307692307692 0.5600961538461539 0.09134615384615384 0.15865384615384615
2 0.9747596153846154 0.11057692307692307 0.04567307692307692 0.11538461538461539
9 0.9362980769230769 0.08413461538461539 0.12259615384615384 0.15865384615384615
2 0.7764423076923077 0.0673076923076923 0.125 0.1346153846153846
2 0.8545673076923077 0.07692307692307693 0.12259615384615384 0.13221153846153846
2 0.6899038461538461 0.05889423076923077 0.10576923076923077 0.11778846153846154
2 0.6129807692307693 0.055288461538461536 0.125 0.11057692307692307
2 0.5096153846153846 0.04447115384615385 0.1201923076923077 0.0889423076923077
2 0.4338942307692308 0.03245192307692308 0.10336538461538461 0.06490384615384616
2 0.6045673076923077 0.96875 0.15625 0.057692307692307696
2 0.5841346153846154 0.8545673076923077 0.13942307692307693 0.09134615384615384