1 0.4230769230769231 0.04807692307692308 0.3125 0.09615384615384616
2 0.5432692307692307 0.042067307692307696 0.08653846153846154 0.08413461538461539
2 0.06610576923076923 0.9242788461538461 0.13221153846153846 0.08413461538461539
2 0.1971153846153846 0.90625 0.14182692307692307 0.0625
2 0.5168269230769231 0.8569711538461539 0.13942307692307693 0.08173076923076923
2 0.015625 0.8629807692307693 0.03125 0.07692307692307693
2 0.4519230769230769 0.5637019230769231 0.10817307692307693 0.07932692307692307
2 0.2980769230769231 0.5805288461538461 0.13221153846153846 0.07692307692307693
2 0.13341346153846154 0.5901442307692307 0.1466346153846154 0.09134615384615384
2 0.5673076923076923 0.5396634615384616 0.038461538461538464 0.08413461538461539
2 0.7223557692307693 0.9483173076923077 0.09375 0.0985576923076923
2 0.6370192307692307 0.6838942307692307 0.07211538461538461 0.125
2 0.6069711538461539 0.5288461538461539 0.036057692307692304 0.1346153846153846