2 0.0625 0.08173076923076923 0.08413461538461539 0.11778846153846154
2 0.05048076923076923 0.2439903846153846 0.0625 0.11778846153846154
2 0.037259615384615384 0.3641826923076923 0.07451923076923077 0.12259615384615384
2 0.20793269230769232 0.06009615384615385 0.0889423076923077 0.1201923076923077
2 0.03125 0.5444711538461539 0.0625 0.12740384615384615
9 0.8209134615384616 0.5757211538461539 0.07692307692307693 0.1466346153846154
2 0.8557692307692307 0.46153846153846156 0.08653846153846154 0.0673076923076923
9 0.9158653846153846 0.9014423076923077 0.09375 0.14182692307692307
2 0.9362980769230769 0.7560096153846154 0.08653846153846154 0.13701923076923078
2 0.9699519230769231 0.5865384615384616 0.055288461538461536 0.10576923076923077
2 0.9831730769230769 0.46634615384615385 0.028846153846153848 0.07692307692307693