2 0.4170673076923077 0.03125 0.13701923076923078 0.0625
2 0.2776442307692308 0.06370192307692307 0.13942307692307693 0.07932692307692307
2 0.1346153846153846 0.09495192307692307 0.12740384615384615 0.07692307692307693
2 0.027644230769230768 0.12740384615384615 0.055288461538461536 0.08653846153846154
2 0.33413461538461536 0.9423076923076923 0.09134615384615384 0.11057692307692307
2 0.9819711538461539 0.7920673076923077 0.03125 0.1466346153846154
2 0.90625 0.4795673076923077 0.09134615384615384 0.14423076923076922
2 0.8485576923076923 0.3545673076923077 0.10096153846153846 0.03125
2 0.6286057692307693 0.5661057692307693 0.07932692307692307 0.11298076923076923
2 0.6646634615384616 0.7163461538461539 0.08653846153846154 0.13701923076923078
2 0.7007211538461539 0.8798076923076923 0.10096153846153846 0.15144230769230768
2 0.6045673076923077 0.40625 0.03125 0.1346153846153846