2 0.6021634615384616 0.04807692307692308 0.0889423076923077 0.09615384615384616
2 0.09014423076923077 0.23557692307692307 0.11778846153846154 0.07211538461538461
2 0.2247596153846154 0.27283653846153844 0.12740384615384615 0.08413461538461539
2 0.5973557692307693 0.3762019230769231 0.12740384615384615 0.08173076923076923
2 0.7247596153846154 0.4098557692307692 0.08413461538461539 0.06971153846153846
2 0.040865384615384616 0.4951923076923077 0.08173076923076923 0.125
2 0.6995192307692307 0.5853365384615384 0.11057692307692307 0.07211538461538461
2 0.5745192307692307 0.5769230769230769 0.09375 0.06009615384615385
2 0.7620192307692307 0.5997596153846154 0.009615384615384616 0.055288461538461536
2 0.4699519230769231 0.6069711538461539 0.10336538461538461 0.040865384615384616
2 0.04807692307692308 0.5997596153846154 0.09134615384615384 0.055288461538461536