2 0.9891826923076923 0.28966346153846156 0.016826923076923076 0.12259615384615384
2 0.9855769230769231 0.15504807692307693 0.02403846153846154 0.10336538461538461
2 0.9723557692307693 0.036057692307692304 0.05048076923076923 0.07211538461538461
2 0.7740384615384616 0.4326923076923077 0.1346153846153846 0.04807692307692308
2 0.7475961538461539 0.37259615384615385 0.12259615384615384 0.06009615384615385
2 0.7283653846153846 0.2980769230769231 0.12259615384615384 0.06009615384615385
2 0.7199519230769231 0.2127403846153846 0.12259615384615384 0.06009615384615385
2 0.7019230769230769 0.13942307692307693 0.12259615384615384 0.06009615384615385
2 0.6899038461538461 0.06129807692307692 0.13701923076923078 0.06009615384615385
2 0.5048076923076923 0.03365384615384615 0.052884615384615384 0.0673076923076923
2 0.5673076923076923 0.025240384615384616 0.0625 0.05048076923076923
2 0.453125 0.4795673076923077 0.04567307692307692 0.040865384615384616
2 0.6766826923076923 0.5192307692307693 0.07932692307692307 0.1201923076923077