2 0.45072115384615385 0.10336538461538461 0.12259615384615384 0.11298076923076923
2 0.4987980769230769 0.19831730769230768 0.1201923076923077 0.09375
2 0.16826923076923078 0.28365384615384615 0.12740384615384615 0.09375
2 0.21033653846153846 0.3233173076923077 0.13221153846153846 0.11298076923076923
2 0.2668269230769231 0.41466346153846156 0.1346153846153846 0.04567307692307692
9 0.38822115384615385 0.5600961538461539 0.07692307692307693 0.12740384615384615
2 0.3389423076923077 0.6983173076923077 0.09134615384615384 0.12259615384615384
2 0.28846153846153844 0.8473557692307693 0.07451923076923077 0.1201923076923077
2 0.24879807692307693 0.9651442307692307 0.08413461538461539 0.06490384615384616
2 0.5949519230769231 0.5084134615384616 0.05048076923076923 0.08413461538461539
9 0.921875 0.59375 0.1466346153846154 0.07692307692307693
2 0.7680288461538461 0.78125 0.12259615384615384 0.0889423076923077
2 0.8846153846153846 0.8004807692307693 0.13221153846153846 0.07692307692307693
2 0.9711538461538461 0.8112980769230769 0.052884615384615384 0.08413461538461539