2 0.9699519230769231 0.4699519230769231 0.055288461538461536 0.06971153846153846
2 0.9507211538461539 0.34134615384615385 0.09375 0.07692307692307693
2 0.2403846153846154 0.6911057692307693 0.11057692307692307 0.026442307692307692
2 0.6814903846153846 0.9819711538461539 0.15144230769230768 0.03125
2 0.6646634615384616 0.9459134615384616 0.15144230769230768 0.10336538461538461
2 0.6670673076923077 0.8689903846153846 0.14903846153846154 0.11298076923076923
2 0.6766826923076923 0.7560096153846154 0.14903846153846154 0.11298076923076923
2 0.6574519230769231 0.7199519230769231 0.15144230769230768 0.08413461538461539
2 0.5396634615384616 0.7247596153846154 0.15144230769230768 0.09375
2 0.5276442307692307 0.796875 0.14903846153846154 0.11298076923076923
2 0.5348557692307693 0.8858173076923077 0.14903846153846154 0.11298076923076923
2 0.5396634615384616 0.9555288461538461 0.15144230769230768 0.08413461538461539
2 0.5516826923076923 0.9855769230769231 0.15144230769230768 0.02403846153846154