2 0.02283653846153846 0.421875 0.04567307692307692 0.0889423076923077
2 0.12379807692307693 0.43990384615384615 0.0889423076923077 0.052884615384615384
2 0.3317307692307692 0.4543269230769231 0.08173076923076923 0.02403846153846154
2 0.8401442307692307 0.06009615384615385 0.12259615384615384 0.1201923076923077
2 0.9266826923076923 0.39903846153846156 0.10817307692307693 0.1346153846153846
2 0.026442307692307692 0.7019230769230769 0.052884615384615384 0.10096153846153846
2 0.037259615384615384 0.859375 0.07451923076923077 0.0985576923076923
2 0.09615384615384616 0.7956730769230769 0.1201923076923077 0.08173076923076923
2 0.140625 0.7151442307692307 0.1346153846153846 0.09375
2 0.3401442307692308 0.8978365384615384 0.11298076923076923 0.0985576923076923
2 0.7512019230769231 0.8533653846153846 0.14903846153846154 0.0889423076923077