2 0.06850961538461539 0.09615384615384616 0.13701923076923078 0.13942307692307693
2 0.4579326923076923 0.16947115384615385 0.016826923076923076 0.11778846153846154
2 0.49399038461538464 0.16105769230769232 0.07932692307692307 0.12259615384615384
2 0.6310096153846154 0.09615384615384616 0.08653846153846154 0.12740384615384615
2 0.8786057692307693 0.037259615384615384 0.08413461538461539 0.07451923076923077
2 0.9411057692307693 0.03125 0.10336538461538461 0.0625
2 0.48677884615384615 0.8064903846153846 0.07451923076923077 0.12259615384615384
2 0.4651442307692308 0.49278846153846156 0.03125 0.14423076923076922
2 0.49038461538461536 0.5420673076923077 0.08173076923076923 0.13221153846153846
2 0.5528846153846154 0.5552884615384616 0.11778846153846154 0.1346153846153846
2 0.6177884615384616 0.5949519230769231 0.11778846153846154 0.1346153846153846
2 0.6935096153846154 0.6298076923076923 0.11778846153846154 0.1346153846153846
2 0.7572115384615384 0.6862980769230769 0.11538461538461539 0.11778846153846154
2 0.8305288461538461 0.7223557692307693 0.11538461538461539 0.11778846153846154
2 0.9302884615384616 0.7680288461538461 0.11538461538461539 0.11778846153846154