2 0.9110576923076923 0.5420673076923077 0.09615384615384616 0.05048076923076923
2 0.6274038461538461 0.5204326923076923 0.09615384615384616 0.09375
2 0.7127403846153846 0.5276442307692307 0.08413461538461539 0.07932692307692307
2 0.5528846153846154 0.49158653846153844 0.09134615384615384 0.13221153846153846
2 0.8798076923076923 0.31850961538461536 0.09375 0.13701923076923078
2 0.6742788461538461 0.2536057692307692 0.08173076923076923 0.14423076923076922
2 0.5961538461538461 0.24879807692307693 0.07692307692307693 0.1466346153846154
2 0.45552884615384615 0.4807692307692308 0.09134615384615384 0.13221153846153846
2 0.29927884615384615 0.8798076923076923 0.09375 0.15865384615384615
2 0.625 0.9495192307692307 0.11057692307692307 0.09615384615384616
2 0.6286057692307693 0.8028846153846154 0.08653846153846154 0.14423076923076922