2 0.4182692307692308 0.1310096153846154 0.11057692307692307 0.13221153846153846
2 0.32091346153846156 0.03365384615384615 0.11298076923076923 0.0673076923076923
2 0.6706730769230769 0.1310096153846154 0.06971153846153846 0.125
2 0.6694711538461539 0.2692307692307692 0.06971153846153846 0.11298076923076923
2 0.6646634615384616 0.35697115384615385 0.07932692307692307 0.040865384615384616
2 0.9543269230769231 0.35096153846153844 0.08653846153846154 0.052884615384615384
2 0.9459134615384616 0.2704326923076923 0.10336538461538461 0.08413461538461539
2 0.953125 0.20192307692307693 0.0889423076923077 0.07692307692307693
2 0.9435096153846154 0.12980769230769232 0.10817307692307693 0.08653846153846154
2 0.9555288461538461 0.014423076923076924 0.08413461538461539 0.028846153846153848
1 0.4362980769230769 0.4230769230769231 0.14182692307692307 0.08653846153846154
5 0.4098557692307692 0.7271634615384616 0.12740384615384615 0.18269230769230768
2 0.875 0.41466346153846156 0.1346153846153846 0.06971153846153846