2 0.37740384615384615 0.038461538461538464 0.1201923076923077 0.07692307692307693
9 0.22235576923076922 0.09014423076923077 0.15144230769230768 0.0985576923076923
2 0.16466346153846154 0.35336538461538464 0.1466346153846154 0.10336538461538461
2 0.036057692307692304 0.4098557692307692 0.07211538461538461 0.0985576923076923
2 0.9423076923076923 0.11658653846153846 0.11057692307692307 0.10336538461538461
2 0.8245192307692307 0.18389423076923078 0.15625 0.10576923076923077
2 0.6826923076923077 0.2548076923076923 0.14903846153846154 0.10336538461538461
2 0.8209134615384616 0.3329326923076923 0.14182692307692307 0.09615384615384616
2 0.6105769230769231 0.4326923076923077 0.125 0.08653846153846154
2 0.9711538461538461 0.34975961538461536 0.052884615384615384 0.1466346153846154
2 0.06129807692307692 0.6117788461538461 0.12259615384615384 0.10336538461538461
2 0.2247596153846154 0.5805288461538461 0.10576923076923077 0.08173076923076923
2 0.35697115384615385 0.5612980769230769 0.10817307692307693 0.04567307692307692
2 0.5853365384615384 0.8521634615384616 0.13221153846153846 0.15144230769230768