2 0.013221153846153846 0.4579326923076923 0.026442307692307692 0.06971153846153846
2 0.20432692307692307 0.515625 0.125 0.07932692307692307
2 0.4254807692307692 0.5432692307692307 0.12259615384615384 0.08413461538461539
2 0.43990384615384615 0.39903846153846156 0.11538461538461539 0.07211538461538461
2 0.0673076923076923 0.039663461538461536 0.1346153846153846 0.07932692307692307
2 0.24158653846153846 0.056490384615384616 0.1346153846153846 0.06971153846153846
2 0.3858173076923077 0.07091346153846154 0.11298076923076923 0.07211538461538461
2 0.515625 0.08413461538461539 0.07932692307692307 0.07692307692307693
2 0.48197115384615385 0.23798076923076922 0.11538461538461539 0.07451923076923077
2 0.3269230769230769 0.22716346153846154 0.13942307692307693 0.07692307692307693
2 0.6141826923076923 0.4855769230769231 0.11298076923076923 0.08653846153846154