2 0.016826923076923076 0.6766826923076923 0.03365384615384615 0.10336538461538461
2 0.09735576923076923 0.5865384615384616 0.12259615384615384 0.10817307692307693
2 0.21875 0.5168269230769231 0.15384615384615385 0.11538461538461539
2 0.036057692307692304 0.9495192307692307 0.07211538461538461 0.09615384615384616
2 0.06610576923076923 0.9290865384615384 0.13221153846153846 0.13701923076923078
2 0.19230769230769232 0.8617788461538461 0.11057692307692307 0.14903846153846154
2 0.2548076923076923 0.8209134615384616 0.11057692307692307 0.14903846153846154
2 0.3004807692307692 0.7716346153846154 0.10336538461538461 0.1346153846153846
2 0.3762019230769231 0.7572115384615384 0.11057692307692307 0.14182692307692307
2 0.43149038461538464 0.7163461538461539 0.11057692307692307 0.14182692307692307
2 0.5 0.6814903846153846 0.11057692307692307 0.14182692307692307
2 0.5540865384615384 0.625 0.10817307692307693 0.125
2 0.5889423076923077 0.5877403846153846 0.052884615384615384 0.12740384615384615
2 0.7271634615384616 0.5336538461538461 0.14182692307692307 0.0985576923076923
2 0.7463942307692307 0.7415865384615384 0.12259615384615384 0.06490384615384616