2 0.3557692307692308 0.31850961538461536 0.15384615384615385 0.10576923076923077
2 0.3737980769230769 0.1141826923076923 0.12740384615384615 0.07211538461538461
2 0.9399038461538461 0.04567307692307692 0.11538461538461539 0.09134615384615384
2 0.040865384615384616 0.6213942307692307 0.08173076923076923 0.1466346153846154
2 0.040865384615384616 0.9435096153846154 0.07692307692307693 0.10817307692307693
2 0.109375 0.9651442307692307 0.09375 0.06490384615384616
2 0.5757211538461539 0.9711538461538461 0.13221153846153846 0.052884615384615384
2 0.6706730769230769 0.9699519230769231 0.07211538461538461 0.055288461538461536
2 0.6778846153846154 0.8245192307692307 0.057692307692307696 0.08653846153846154
2 0.7740384615384616 0.9375 0.12980769230769232 0.09134615384615384
2 0.8990384615384616 0.9819711538461539 0.11057692307692307 0.03125