2 0.9639423076923077 0.12860576923076922 0.0673076923076923 0.0985576923076923
2 0.7692307692307693 0.49158653846153844 0.14423076923076922 0.06971153846153846
9 0.7379807692307693 0.3004807692307692 0.19471153846153846 0.13221153846153846
2 0.7007211538461539 0.234375 0.14903846153846154 0.0985576923076923
9 0.7055288461538461 0.14182692307692307 0.1875 0.14903846153846154
2 0.2932692307692308 0.9639423076923077 0.13942307692307693 0.0673076923076923
9 0.2776442307692308 0.921875 0.17548076923076922 0.15144230769230768
2 0.030048076923076924 0.9579326923076923 0.06009615384615385 0.05048076923076923
2 0.02283653846153846 0.8353365384615384 0.04567307692307692 0.11298076923076923
9 0.020432692307692308 0.6225961538461539 0.040865384615384616 0.1346153846153846
2 0.9098557692307693 0.9447115384615384 0.15144230769230768 0.10576923076923077