5 0.18990384615384615 0.04567307692307692 0.16826923076923078 0.09134615384615384
1 0.12139423076923077 0.31490384615384615 0.24278846153846154 0.14423076923076922
1 0.12860576923076922 0.22956730769230768 0.1778846153846154 0.15144230769230768
2 0.39783653846153844 0.9603365384615384 0.0985576923076923 0.07451923076923077
2 0.0829326923076923 0.9819711538461539 0.13701923076923078 0.03125
2 0.06610576923076923 0.9447115384615384 0.12740384615384615 0.07451923076923077
2 0.38461538461538464 0.8341346153846154 0.125 0.08173076923076923
2 0.06370192307692307 0.8810096153846154 0.12740384615384615 0.07451923076923077
2 0.37259615384615385 0.7596153846153846 0.1346153846153846 0.08173076923076923
2 0.04927884615384615 0.6911057692307693 0.0985576923076923 0.0889423076923077
2 0.039663461538461536 0.6165865384615384 0.07932692307692307 0.08413461538461539
2 0.32211538461538464 0.4723557692307692 0.14182692307692307 0.09375
2 0.040865384615384616 0.5348557692307693 0.08173076923076923 0.09375
2 0.31009615384615385 0.41586538461538464 0.1346153846153846 0.052884615384615384
2 0.8317307692307693 0.8894230769230769 0.14903846153846154 0.12740384615384615
2 0.49038461538461536 0.8293269230769231 0.08173076923076923 0.125