2 0.06610576923076923 0.46033653846153844 0.11778846153846154 0.05048076923076923
2 0.14903846153846154 0.36658653846153844 0.1201923076923077 0.15625
2 0.025240384615384616 0.33533653846153844 0.05048076923076923 0.1466346153846154
2 0.051682692307692304 0.20192307692307693 0.0985576923076923 0.11778846153846154
2 0.23918269230769232 0.23197115384615385 0.11298076923076923 0.14182692307692307
2 0.14423076923076922 0.0733173076923077 0.10817307692307693 0.12980769230769232
2 0.3701923076923077 0.07211538461538461 0.125 0.14423076923076922
2 0.9747596153846154 0.3401442307692308 0.04567307692307692 0.11778846153846154
2 0.8701923076923077 0.25961538461538464 0.1466346153846154 0.10336538461538461
2 0.7391826923076923 0.20192307692307693 0.1346153846153846 0.07692307692307693
2 0.6105769230769231 0.12860576923076922 0.10576923076923077 0.0889423076923077
8 0.015625 0.6682692307692307 0.03125 0.14423076923076922
2 0.19591346153846154 0.7223557692307693 0.20192307692307693 0.11057692307692307
2 0.47716346153846156 0.7980769230769231 0.15625 0.1201923076923077
2 0.4375 0.8966346153846154 0.1875 0.10576923076923077
2 0.7896634615384616 0.9495192307692307 0.11778846153846154 0.09615384615384616
2 0.6358173076923077 0.8353365384615384 0.15384615384615385 0.10336538461538461
2 0.7800480769230769 0.6225961538461539 0.14423076923076922 0.09134615384615384