2 0.28125 0.3858173076923077 0.07932692307692307 0.12980769230769232
2 0.3173076923076923 0.25600961538461536 0.08173076923076923 0.1201923076923077
2 0.3545673076923077 0.12740384615384615 0.0889423076923077 0.14423076923076922
2 0.0829326923076923 0.009615384615384616 0.13701923076923078 0.019230769230769232
2 0.06009615384615385 0.046875 0.10817307692307693 0.07692307692307693
2 0.055288461538461536 0.12980769230769232 0.11057692307692307 0.09615384615384616
2 0.039663461538461536 0.1935096153846154 0.07932692307692307 0.0889423076923077
2 0.040865384615384616 0.265625 0.08173076923076923 0.0985576923076923
2 0.01201923076923077 0.3894230769230769 0.02403846153846154 0.08173076923076923
2 0.7283653846153846 0.5084134615384616 0.07692307692307693 0.1466346153846154
2 0.9038461538461539 0.3004807692307692 0.11538461538461539 0.14182692307692307
2 0.9555288461538461 0.19471153846153846 0.08413461538461539 0.15865384615384615
1 0.04326923076923077 0.7355769230769231 0.08653846153846154 0.2548076923076923
2 0.12620192307692307 0.6875 0.11298076923076923 0.15865384615384615
5 0.328125 0.6346153846153846 0.23317307692307693 0.052884615384615384
2 0.9627403846153846 0.6706730769230769 0.06971153846153846 0.125